Bootstrap Inversion Results (± 2σ uncertainty)

   Station: CC01 
       Lat:    -4.04578 ° ± 0.00002
       Lon:  -132.47450 ° ± 0.00005
         X:   147.15237 m ± 5.58945
         Y:    34.43563 m ± 1.96993
     Depth: -4769.10521 m ± 32.53606
       TAT:    12.75796 m ± 1.26242
Water Vel.:  1507.00010 m ± 8.35216
     Drift:   151.13432 m ± 5.22702
  Drift Az:    76.82205 m ± 1.05528
        dz:     5.89479 m ± 32.53606

       RMS:     6.07220 ms ± 4.45274

Bad Pings Removed: 0 
================================================================================ 
       Lat (°)   Lon (°)     Range (m)   Resid (s)  Vr (m/s)  TWT corr. (ms)
  1    -4.04017  -132.47504  4809.35765   0.05329   0.06288   0.28878
  2    -4.04018  -132.47504  4787.80749   0.25013   0.08032   0.36428
  3    -4.04034  -132.47511  4798.87435   0.20576   0.07392   0.33402
  4    -4.04108  -132.47533  4815.83365  -0.10460   0.06155   0.28132
  5    -4.04198  -132.47550  4798.26011  -0.16092   0.08823   0.39981
  6    -4.04333  -132.47517  4784.05396   0.27234   0.06902   0.31451
  7    -4.04486  -132.47431  4763.58254  -0.19267   0.08153   0.37057
  8    -4.04665  -132.47332  4744.85011  -0.05477   0.07301   0.33155
  9    -4.04860  -132.47229  4772.31243  -0.05713   0.05387   0.24682
 10    -4.05055  -132.47119  4789.30654   0.24874   0.07281   0.33042
 11    -4.05247  -132.47005  4866.17513   0.13675   0.08556   0.38863
 12    -4.05440  -132.46893  4880.79213   0.26556   0.07387   0.33594
 13    -4.05638  -132.46779  4964.92252   0.10195   0.07691   0.35010
 14    -4.05884  -132.46639  5066.61761  -0.06462   0.08590   0.39172
 15    -4.06079  -132.46524  5151.03013   0.04408   0.06492   0.29598
 16    -4.06264  -132.46409  5233.53329  -0.18258   0.07857   0.35844
 17    -4.06456  -132.46492  5310.28014   0.10291   0.07563   0.34080
 18    -4.06562  -132.46716  5346.28539  -0.05855   0.06792   0.30960
 19    -4.06660  -132.46959  5310.71629  -0.15916   0.06765   0.30678
 20    -4.06728  -132.47174  5357.25791  -0.02579   0.08394   0.37936
 21    -4.06761  -132.47381  5343.43277  -0.04797   0.07743   0.35093
 22    -4.06768  -132.47585  5338.83503   0.10938   0.07260   0.33052
 23    -4.06759  -132.47791  5348.68124  -0.07150   0.06585   0.30197
 24    -4.06724  -132.47994  5389.25944  -0.14553   0.07058   0.32186
 25    -4.06674  -132.48197  5359.40317  -0.15136   0.07564   0.34515
 26    -4.06613  -132.48391  5362.79118  -0.00349   0.07466   0.33648
 27    -4.06549  -132.48585  5387.06896  -0.22718   0.08087   0.36458
 28    -4.06463  -132.48785  5388.33988   0.05174   0.05193   0.23763
 29    -4.06338  -132.48971  5436.63742  -0.02223   0.08087   0.36756
 30    -4.06196  -132.49143  5417.70480  -0.13508   0.06168   0.28251
 31    -4.06045  -132.49304  5436.95889   0.09943   0.07285   0.33203
 32    -4.05870  -132.49426  5465.27727  -0.06016   0.06283   0.28652
 33    -4.05686  -132.49525  5431.37121  -0.11910   0.08279   0.37454
 34    -4.05496  -132.49613  5428.41293  -0.16788   0.07966   0.36039
 35    -4.05302  -132.49683  5442.25064   0.09627   0.06004   0.27352
 36    -4.05100  -132.49723  5433.10184   0.19237   0.06049   0.27521
 37    -4.04901  -132.49748  5413.43319  -0.14496   0.07276   0.33359
 38    -4.04702  -132.49758  5426.84015   0.07195   0.07648   0.34700
 39    -4.04503  -132.49752  5423.15588   0.01075   0.07918   0.35859
 40    -4.04208  -132.49721  5417.42149   0.05471   0.07134   0.32471
 41    -4.03988  -132.49700  5411.05483  -0.11645   0.06859   0.31139
 42    -4.03775  -132.49644  5430.30922  -0.11269   0.05513   0.25100
 43    -4.03571  -132.49553  5406.71030  -0.01856   0.06638   0.30100
 44    -4.03391  -132.49435  5443.13782   0.21816   0.06685   0.30376
 45    -4.03226  -132.49299  5391.50293   0.01336   0.06500   0.29423
 46    -4.03071  -132.49157  5406.81216   0.22445   0.06618   0.30132
 47    -4.02924  -132.49006  5391.86328  -0.28458   0.06946   0.31608
 48    -4.02801  -132.48842  5378.44552   0.09984   0.07557   0.34339
 49    -4.02682  -132.48671  5403.66652  -0.02207   0.06516   0.29859
 50    -4.02544  -132.48281  5341.30915   0.02500   0.08433   0.38150
 51    -4.02445  -132.47664  5321.61648   0.10937   0.08170   0.37104
 52    -4.02447  -132.47467  5322.16739  -0.11936   0.07427   0.33749
 53    -4.02452  -132.47272  5307.08779  -0.07644   0.07425   0.33780
 54    -4.02517  -132.47036  5311.09065  -0.08858   0.07153   0.32407
 55    -4.02590  -132.46849  5270.53612  -0.16871   0.07429   0.33586
 56    -4.03538  -132.45758  5252.57999   0.27101   0.07344   0.33260
 57    -4.04469  -132.45931  5080.89784   0.08976   0.08663   0.39212
 58    -4.04486  -132.46151  4957.80896  -0.00126   0.07016   0.31926
 59    -4.04495  -132.46297  4914.02407  -0.04415   0.06510   0.29756
 60    -4.04504  -132.46435  4906.56363  -0.14136   0.07615   0.34621
 61    -4.04514  -132.46566  4873.05069   0.11687   0.07211   0.32978
