Bootstrap Inversion Results (± 2σ uncertainty)

   Station: CC04 
       Lat:    -5.19374 ° ± 0.00001
       Lon:  -132.78996 ° ± 0.00002
         X:   -17.77802 m ± 2.08447
         Y:   120.61699 m ± 1.33615
     Depth: -4615.66939 m ± 5.56441
       TAT:    13.18838 m ± 1.25668
Water Vel.:  1508.56169 m ± 1.72435
     Drift:   121.92444 m ± 1.38684
  Drift Az:   351.61605 m ± 0.96448
        dz:    12.33061 m ± 5.56441

       RMS:     1.89860 ms ± 0.34407

Bad Pings Removed: 0 
================================================================================ 
       Lat (°)   Lon (°)     Range (m)   Resid (s)  Vr (m/s)  TWT corr. (ms)
  1    -5.19630  -132.78841  4627.31866  -0.02522   0.14128   0.61022
  2    -5.19630  -132.78841  4622.00221   0.10038   0.15802   0.68770
  3    -5.19630  -132.78841  4628.11812   0.01459   0.13302   0.57524
  4    -5.19631  -132.78842  4627.91222  -0.01349   0.11302   0.48609
  5    -5.19628  -132.78852  4625.86791  -0.07900   0.11555   0.50137
  6    -5.19637  -132.78861  4623.99232  -0.00295   0.13305   0.57719
  7    -5.19673  -132.78838  4628.47637   0.11266   0.15138   0.65487
  8    -5.19766  -132.78731  4645.66332   0.01915   0.11203   0.48510
  9    -5.20014  -132.78455  4706.66769  -0.02573   0.11958   0.52103
 10    -5.20152  -132.78329  4751.84548   0.00522   0.12886   0.55902
 11    -5.20300  -132.78200  4806.81076   0.00404   0.13800   0.59868
 12    -5.20500  -132.78029  4897.52016  -0.04728   0.11841   0.51254
 13    -5.20664  -132.77893  4984.92274   0.00699   0.13963   0.60422
 14    -5.20829  -132.77750  5076.89952   0.01706   0.13939   0.60753
 15    -5.20972  -132.77525  5200.39075   0.03119   0.12466   0.54202
 16    -5.20975  -132.77274  5298.49687   0.07733   0.13333   0.57897
 17    -5.19391  -132.76729  5254.32118   0.06555   0.12577   0.54594
 18    -5.17916  -132.77404  5197.39508   0.07833   0.13038   0.56301
 19    -5.17803  -132.77544  5188.96497  -0.02675   0.13511   0.58516
 20    -5.17664  -132.77767  5172.58460  -0.04150   0.12636   0.54853
 21    -5.17594  -132.77918  5154.08970  -0.01430   0.13096   0.56689
 22    -5.17509  -132.78107  5150.73693   0.01878   0.13720   0.59587
 23    -5.17397  -132.78385  5146.49408  -0.03532   0.12884   0.55890
 24    -5.17410  -132.79387  5118.08006   0.02969   0.12726   0.55019
 25    -5.17479  -132.79673  5124.67485  -0.03958   0.12089   0.52380
 26    -5.17555  -132.79824  5121.59339  -0.01824   0.12613   0.54751
 27    -5.17652  -132.79953  5105.49334  -0.00010   0.13094   0.56715
 28    -5.17751  -132.80079  5093.11015   0.09328   0.15392   0.66815
 29    -5.17849  -132.80208  5096.11581  -0.04541   0.11804   0.50840
 30    -5.17948  -132.80345  5101.74201  -0.05146   0.12941   0.55963
 31    -5.18052  -132.80468  5118.77746  -0.04965   0.10800   0.46701
 32    -5.18171  -132.80578  5112.80843  -0.05706   0.12250   0.52951
 33    -5.18304  -132.80663  5110.03723  -0.01682   0.13920   0.60574
 34    -5.18440  -132.80744  5108.64447  -0.02163   0.12299   0.53296
 35    -5.18576  -132.80820  5113.65036   0.02469   0.12410   0.53809
 36    -5.18716  -132.80881  5120.61158   0.00063   0.13690   0.59242
 37    -5.18857  -132.80935  5125.84097  -0.12056   0.11087   0.47811
 38    -5.19001  -132.80982  5130.86120  -0.05935   0.14843   0.64426
 39    -5.19148  -132.81013  5135.94867   0.03571   0.12609   0.54438
 40    -5.19307  -132.81030  5142.62462   0.12675   0.14635   0.63575
 41    -5.19466  -132.81030  5135.18654  -0.03740   0.12402   0.53938
 42    -5.19630  -132.81033  5143.30811  -0.04494   0.12331   0.53388
 43    -5.19788  -132.81020  5156.13797  -0.02988   0.11720   0.50522
 44    -5.19948  -132.80999  5161.96163   0.06141   0.11852   0.51166
 45    -5.20109  -132.80962  5167.20829  -0.03874   0.12489   0.54256
 46    -5.20256  -132.80906  5171.06006  -0.00028   0.13317   0.57748
 47    -5.20406  -132.80841  5174.10209  -0.04473   0.12660   0.55093
 48    -5.20561  -132.80770  5185.14774  -0.00497   0.13054   0.56515
 49    -5.20713  -132.80685  5199.95368  -0.01854   0.13847   0.60134
 50    -5.20857  -132.80590  5204.89463   0.07353   0.11209   0.48476
 51    -5.20989  -132.80481  5215.22943  -0.04700   0.11447   0.49464
 52    -5.21107  -132.80350  5216.46513   0.05964   0.13189   0.57215
 53    -5.21211  -132.80213  5218.17435  -0.00482   0.11870   0.51376
 54    -5.21315  -132.80073  5228.03876  -0.05285   0.11312   0.48742
 55    -5.21415  -132.79927  5241.67548  -0.01332   0.12562   0.54534
 56    -5.21489  -132.79776  5248.18770   0.03733   0.15002   0.65518
 57    -5.21511  -132.79632  5230.06271   0.00451   0.13977   0.60944
 58    -5.21482  -132.79531  5206.90754   0.05872   0.11863   0.51228
 59    -5.21396  -132.79463  5155.39302   0.02158   0.12096   0.52324
 60    -5.21284  -132.79428  5099.04002  -0.04289   0.13251   0.57339
