Bootstrap Inversion Results (± 2σ uncertainty)

   Station: CC10 
       Lat:    -7.11482 ° ± 0.00002
       Lon:  -133.34575 ° ± 0.00002
         X:   -96.91311 m ± 1.89367
         Y:  -167.48441 m ± 2.08787
     Depth: -4618.78027 m ± 4.95642
       TAT:    14.17913 m ± 1.58625
Water Vel.:  1508.10568 m ± 1.56238
     Drift:   193.50507 m ± 1.95141
  Drift Az:   210.05558 m ± 0.60197
        dz:    13.21973 m ± 4.95642

       RMS:     1.95459 ms ± 0.36647

Bad Pings Removed: 1 
================================================================================ 
       Lat (°)   Lon (°)     Range (m)   Resid (s)  Vr (m/s)  TWT corr. (ms)
  1    -7.11320  -133.34513  4622.69657  -0.03926   -0.05230  -0.24272
  2    -7.11323  -133.34515  4628.84213   0.11388   -0.00217  -0.02418
  3    -7.11329  -133.34509  4620.06632  -0.00244   -0.03935  -0.18497
  4    -7.11343  -133.34436  4623.37482   0.01551   -0.01786  -0.09178
  5    -7.11412  -133.34327  4622.89878   0.03733   -0.03073  -0.14812
  6    -7.11551  -133.34226  4634.60671  -0.06982   -0.05177  -0.24432
  7    -7.11709  -133.34109  4650.19874  -0.03165   -0.03201  -0.15292
  8    -7.11876  -133.33991  4685.02104   0.03377   -0.04444  -0.20945
  9    -7.12040  -133.33877  4726.33377  -0.00413   -0.01782  -0.09026
 10    -7.12566  -133.33523  4910.29011  -0.01352   -0.02959  -0.14372
 11    -7.12786  -133.33374  5015.47093   0.00968   -0.03581  -0.16898
 12    -7.12945  -133.33238  5113.62382   0.01892   -0.02792  -0.13661
 13    -7.12986  -133.33071  5184.06266  -0.05421   -0.03262  -0.15475
 14    -7.12860  -133.32940  5187.74441  -0.03580   -0.02868  -0.13683
 15    -7.11182  -133.32248  5296.25626   0.07175   -0.01775  -0.09130
 16    -7.09789  -133.32903  5314.70175   0.06566   -0.01638  -0.08371
 17    -7.09657  -133.33060  5310.81565   0.03464   -0.01997  -0.10073
 18    -7.09564  -133.33199  5306.23316   0.06296   -0.02509  -0.12338
 19    -7.09296  -133.33689  5307.74981  -0.00855   -0.03562  -0.16841
 20    -7.09213  -133.33882  5315.55088   0.01691   -0.03451  -0.16741
 21    -7.09241  -133.34026  5276.00196   0.01343   -0.03308  -0.15821
 22    -7.09362  -133.34089  5207.34087   0.02975   0.00757   0.02122
 23    -7.09507  -133.34115  5133.90804  -0.07812   -0.04727  -0.22122
 24    -7.09623  -133.34135  5080.13327  -0.07491   -0.04296  -0.20215
 25    -7.09774  -133.34167  5014.45546  -0.00015   -0.02987  -0.14712
 26    -7.09954  -133.34599  4912.94210  -0.01389   -0.03035  -0.14602
 27    -7.09941  -133.34971  4947.68716  -0.04090   -0.02230  -0.11245
 28    -7.09961  -133.35184  4961.50009   0.11246   -0.01596  -0.08481
 29    -7.10023  -133.35393  4975.10869   0.01998   -0.04143  -0.19532
 30    -7.10105  -133.35586  4988.03986  -0.09940   -0.03513  -0.16630
 31    -7.10208  -133.35763  5005.96779   0.00729   -0.02830  -0.13646
 32    -7.10355  -133.35897  5000.94199  -0.00092   -0.01559  -0.08237
 33    -7.10545  -133.35976  4985.64999  -0.05119   -0.01654  -0.08416
 34    -7.10742  -133.36039  4958.01698  -0.00420   -0.03254  -0.15446
 35    -7.10937  -133.36108  4955.97592   0.00460   -0.02221  -0.11237
 36    -7.11143  -133.36144  4947.04967   0.02607   0.00493   0.01046
 37    -7.11351  -133.36149  4933.68905  -0.04221   -0.03637  -0.17231
 38    -7.11560  -133.36144  4932.49316  -0.00461   -0.01564  -0.07975
 39    -7.11761  -133.36119  4932.95969  -0.03182   -0.01130  -0.05951
 40    -7.11943  -133.36041  4917.87312   0.03492   -0.03721  -0.17826
 41    -7.12120  -133.35933  4907.29588  -0.01142   -0.02438  -0.11940
 42    -7.12300  -133.35826  4905.30683   0.06010   -0.02265  -0.11115
 43    -7.12460  -133.35699  4903.13183  -0.07871   -0.04499  -0.21143
 44    -7.12615  -133.35566  4910.30104   0.02341   -0.01302  -0.06771
 45    -7.12767  -133.35424  4919.85161   0.03268   -0.02608  -0.12912
 46    -7.12874  -133.35254  4925.25845   0.03512   -0.01318  -0.06950
 47    -7.12943  -133.35061  4923.11550  -0.04027   -0.02185  -0.10668
 48    -7.12969  -133.34867  4910.53924  -0.02152   -0.04254  -0.19757
 49    -7.12832  -133.34750  4858.68436  -0.00308   -0.03060  -0.14556
 50    -7.12724  -133.34715  4819.85999   0.04483   -0.02047  -0.10208
 51    -7.12618  -133.34692  4788.13790  -0.04230   -0.02398  -0.11664
 52    -7.12521  -133.34676  4759.12532  -0.01311   -0.04176  -0.19931
