Bootstrap Inversion Results (± 2σ uncertainty)

   Station: CC11 
       Lat:    -7.53678 ° ± 0.00001
       Lon:  -133.41661 ° ± 0.00001
         X:  -188.60406 m ± 1.45258
         Y:     1.83256 m ± 1.49784
     Depth: -4635.42073 m ± 2.65866
       TAT:    13.98764 m ± 1.44592
Water Vel.:  1509.56594 m ± 0.85271
     Drift:   188.61443 m ± 1.46032
  Drift Az:   270.55625 m ± 0.45258
        dz:    18.57927 m ± 2.65866

       RMS:     1.44683 ms ± 0.25545

Bad Pings Removed: 1 
================================================================================ 
       Lat (°)   Lon (°)     Range (m)   Resid (s)  Vr (m/s)  TWT corr. (ms)
  1    -7.53738  -133.41532  4637.97038  -0.03544   0.09650   0.40744
  2    -7.53738  -133.41532  4639.17962   0.01281   0.12557   0.53795
  3    -7.53739  -133.41534  4637.93380   0.02522   0.12434   0.53002
  4    -7.53738  -133.41534  4639.51783   0.06433   0.10577   0.44814
  5    -7.53738  -133.41534  4639.39214  -0.01760   0.10686   0.45500
  6    -7.53736  -133.41544  4637.06939   0.01943   0.12061   0.51551
  7    -7.53741  -133.41562  4637.52339   0.02684   0.10962   0.46705
  8    -7.53768  -133.41540  4638.20896  -0.01371   0.09319   0.39658
  9    -7.53829  -133.41468  4641.94413  -0.01524   0.11557   0.49484
 10    -7.53926  -133.41354  4657.47794   0.01288   0.12062   0.51647
 11    -7.54038  -133.41216  4676.06914  -0.00319   0.12600   0.54103
 12    -7.54164  -133.41066  4710.75640  -0.02562   0.11114   0.47390
 13    -7.54299  -133.40904  4760.05980  -0.00233   0.10666   0.45732
 14    -7.54441  -133.40734  4822.02563   0.04325   0.12231   0.52086
 15    -7.54584  -133.40565  4892.00258   0.00621   0.10943   0.46338
 16    -7.54729  -133.40394  4977.83473  -0.04210   0.11040   0.46925
 17    -7.54866  -133.40230  5067.77889   0.00145   0.10023   0.42339
 18    -7.54992  -133.40060  5168.82934   0.01030   0.15188   0.65243
 19    -7.55006  -133.39854  5253.79840  -0.01123   0.10241   0.43318
 20    -7.54860  -133.39718  5272.46923   0.01331   0.12553   0.53750
 21    -7.54666  -133.39606  5276.12637   0.03886   0.11816   0.50350
 22    -7.54463  -133.39503  5282.37945   0.01640   0.12973   0.55941
 23    -7.54238  -133.39437  5282.55126  -0.01773   0.10282   0.43434
 24    -7.54007  -133.39406  5273.42064  -0.04458   0.10084   0.42717
 25    -7.53780  -133.39387  5273.77478  -0.05214   0.10757   0.45526
 26    -7.53556  -133.39396  5268.31117   0.04542   0.09808   0.41747
 27    -7.53331  -133.39423  5267.43793   0.08358   0.11118   0.47567
 28    -7.53106  -133.39472  5265.16189   0.01511   0.10623   0.45237
 29    -7.52890  -133.39554  5259.81413   0.02334   0.11604   0.49619
 30    -7.52676  -133.39655  5256.48053  -0.01030   0.13041   0.55579
 31    -7.52472  -133.39771  5254.23693   0.06008   0.13077   0.56085
 32    -7.52289  -133.39915  5249.38071  -0.03432   0.11712   0.49951
 33    -7.52135  -133.40097  5233.34964  -0.03301   0.10060   0.42836
 34    -7.51985  -133.40277  5227.92534  -0.03429   0.10207   0.43458
 35    -7.51836  -133.40454  5234.80600  -0.00210   0.11831   0.50472
 36    -7.51712  -133.40647  5240.95905  -0.01811   0.12167   0.52043
 37    -7.51625  -133.40974  5220.47009   0.06483   0.13552   0.57982
 38    -7.51591  -133.41190  5205.65141  -0.00030   0.10193   0.43575
 39    -7.51572  -133.41410  5194.31464  -0.01500   0.11822   0.50472
 40    -7.52763  -133.43477  5152.28478   0.01138   0.10683   0.45441
 41    -7.53801  -133.43699  5153.58307  -0.01404   0.11410   0.48665
 42    -7.54002  -133.43678  5154.01261  -0.04188   0.11999   0.51272
 43    -7.54400  -133.43572  5153.72326  -0.00600   0.11474   0.48918
 44    -7.54605  -133.43502  5163.55907  -0.03016   0.13351   0.57473
 45    -7.54796  -133.43406  5170.46729   0.06360   0.11887   0.50565
 46    -7.55240  -133.43062  5182.08858   0.02093   0.11419   0.48749
 47    -7.55386  -133.42902  5188.33149  -0.00260   0.10306   0.43777
 48    -7.55518  -133.42732  5196.80554   0.02288   0.11468   0.49157
 49    -7.55622  -133.42545  5201.82076  -0.04446   0.11673   0.49591
 50    -7.55719  -133.42345  5210.67537  -0.04433   0.12442   0.53060
 51    -7.55774  -133.42139  5210.41313   0.03960   0.10986   0.46925
 52    -7.55725  -133.41949  5167.75209  -0.00396   0.10564   0.44821
 53    -7.55602  -133.41879  5104.95803  -0.03344   0.12126   0.51909
 54    -7.55482  -133.41871  5052.10854  -0.03458   0.11713   0.49665
 55    -7.55369  -133.41868  5003.81255  -0.04791   0.10265   0.43487
