Bootstrap Inversion Results (± 2σ uncertainty)

   Station: CC12 
       Lat:    -7.95449 ° ± 0.00001
       Lon:  -133.53221 ° ± 0.00002
         X:  -299.04432 m ± 2.47379
         Y:   -87.09288 m ± 1.60294
     Depth: -4595.68881 m ± 3.73074
       TAT:    13.28313 m ± 1.50551
Water Vel.:  1508.24208 m ± 1.36736
     Drift:   311.46941 m ± 2.57193
  Drift Az:   253.76251 m ± 0.26503
        dz:     7.31119 m ± 3.73074

       RMS:     2.11328 ms ± 0.47993

Bad Pings Removed: 0 
================================================================================ 
       Lat (°)   Lon (°)     Range (m)   Resid (s)  Vr (m/s)  TWT corr. (ms)
  1    -7.95368  -133.52957  4605.80000  -0.00595   0.06475   0.27150
  2    -7.95368  -133.52958  4607.28252  -0.05602   0.07030   0.29206
  3    -7.95367  -133.52958  4605.98169   0.05764   0.08007   0.33871
  4    -7.95369  -133.52948  4608.34984   0.04513   0.08388   0.35432
  5    -7.95419  -133.52863  4613.73525  -0.08445   0.07676   0.32416
  6    -7.95548  -133.52749  4627.50188   0.00174   0.06295   0.26376
  7    -7.95695  -133.52616  4653.83113   0.02174   0.06534   0.27537
  8    -7.95848  -133.52480  4688.11084   0.10544   0.06752   0.28147
  9    -7.96008  -133.52340  4742.58482  -0.08230   0.08016   0.34098
 10    -7.96169  -133.52197  4798.45115   0.02704   0.05108   0.21093
 11    -7.96329  -133.52058  4867.23500  -0.04270   0.08103   0.34577
 12    -7.96490  -133.51919  4953.18947   0.00478   0.06437   0.26610
 13    -7.96655  -133.51775  5044.60504   0.00887   0.07868   0.32921
 14    -7.96817  -133.51632  5146.75611  -0.09542   0.08479   0.35871
 15    -7.96910  -133.51469  5241.80100  -0.02172   0.06729   0.28227
 16    -7.96836  -133.51298  5285.26583   0.02181   0.07589   0.31769
 17    -7.96682  -133.51184  5292.21878   0.01505   0.05096   0.21043
 18    -7.96537  -133.51051  5318.71482  -0.01208   0.07278   0.30630
 19    -7.96372  -133.50934  5340.32280   0.03850   0.06468   0.26961
 20    -7.96187  -133.50853  5347.83937   0.02042   0.08587   0.36176
 21    -7.95985  -133.50796  5345.65126  -0.00086   0.07214   0.30403
 22    -7.95764  -133.50760  5349.08644   0.04672   0.08474   0.35528
 23    -7.95528  -133.50734  5353.38977   0.02904   0.05292   0.21916
 24    -7.95289  -133.50735  5355.51546   0.01732   0.08287   0.35214
 25    -7.95050  -133.50747  5361.30731  -0.07012   0.07347   0.30869
 26    -7.94568  -133.50875  5365.04946   0.08035   0.09396   0.40238
 27    -7.94345  -133.50977  5359.04848   0.00370   0.09434   0.39924
 28    -7.94084  -133.51154  5346.18383   0.09712   0.06054   0.24949
 29    -7.93902  -133.51321  5329.76256  -0.02616   0.08400   0.35430
 30    -7.93728  -133.51504  5324.67370  -0.01919   0.05194   0.21405
 31    -7.93571  -133.51708  5309.31015  -0.01223   0.06593   0.27741
 32    -7.93441  -133.51925  5304.57196  -0.01962   0.06783   0.28353
 33    -7.93349  -133.52160  5280.89503   0.00567   0.04591   0.18788
 34    -7.93294  -133.52410  5256.04751   0.01189   0.06700   0.28245
 35    -7.93238  -133.52658  5239.15325  -0.02059   0.07360   0.30983
 36    -7.93220  -133.52913  5224.29385   0.01332   0.07936   0.33638
 37    -7.93248  -133.53166  5201.12585   0.05843   0.08982   0.38283
 38    -7.93304  -133.53419  5176.55812  -0.04268   0.05666   0.23624
 39    -7.93385  -133.53671  5153.64637  -0.06798   0.07716   0.32451
 40    -7.93483  -133.53909  5140.46125   0.05660   0.08366   0.35373
 41    -7.93622  -133.54125  5120.38033  -0.08863   0.07122   0.30052
 42    -7.93794  -133.54316  5092.92184   0.01218   0.08242   0.35149
 43    -7.94096  -133.54573  5058.32831  -0.05241   0.08348   0.35286
 44    -7.94673  -133.54904  5028.60880  -0.00697   0.08807   0.37507
 45    -7.95891  -133.54958  5003.04115  -0.08852   0.07674   0.32380
 46    -7.96121  -133.54902  5010.79974   0.01896   0.08876   0.37635
 47    -7.96336  -133.54819  5019.47395   0.03923   0.06756   0.28303
 48    -7.97150  -133.54105  5061.69066   0.00530   0.07678   0.32425
 49    -7.97273  -133.53909  5075.02067   0.03475   0.07793   0.32928
 50    -7.97369  -133.53704  5090.18860  -0.02174   0.07966   0.33670
 51    -7.97409  -133.53504  5089.86572  -0.02428   0.07686   0.32490
 52    -7.97258  -133.53420  5018.03173   0.03288   0.07284   0.30690
 53    -7.97116  -133.53384  4953.72297   0.03949   0.04320   0.17271
 54    -7.96919  -133.53343  4875.04026  -0.01929   0.06403   0.26892
 55    -7.96690  -133.53292  4796.99891  -0.05019   0.07606   0.32228
 56    -7.96591  -133.53257  4767.52293   0.06075   0.05517   0.22743
