Bootstrap Inversion Results (± 2σ uncertainty)

   Station: EC02 
       Lat:    -5.46195 ° ± 0.00003
       Lon:  -131.87689 ° ± 0.00002
         X:  -264.49311 m ± 2.75604
         Y:   -91.68888 m ± 3.00156
     Depth: -4773.46189 m ± 6.40239
       TAT:    14.61592 m ± 1.58204
Water Vel.:  1507.82410 m ± 1.98853
     Drift:   279.93744 m ± 3.24696
  Drift Az:   250.88141 m ± 0.50432
        dz:     5.53811 m ± 6.40239

       RMS:     1.72698 ms ± 0.53243

Bad Pings Removed: 0 
================================================================================ 
       Lat (°)   Lon (°)     Range (m)   Resid (s)  Vr (m/s)  TWT corr. (ms)
  1    -5.46247  -131.87446  4781.05025  -0.07192   0.15033   0.67792
  2    -5.46249  -131.87446  4777.87551   0.05112   0.16335   0.73754
  3    -5.46252  -131.87448  4775.21468   0.03902   0.15433   0.69293
  4    -5.46273  -131.87405  4791.97912   0.03660   0.15364   0.69288
  5    -5.46381  -131.87334  4791.05388   0.00481   0.14484   0.64965
  6    -5.46538  -131.87403  4802.75619  -0.04324   0.17055   0.76768
  7    -5.46719  -131.87493  4812.75268  -0.01568   0.13851   0.62494
  8    -5.46914  -131.87588  4837.01879  -0.05546   0.16179   0.73160
  9    -5.47106  -131.87698  4877.56820   0.00556   0.15110   0.67961
 10    -5.47291  -131.87826  4924.90522   0.01406   0.15174   0.68534
 11    -5.47532  -131.88002  5002.50235   0.05963   0.13823   0.62517
 12    -5.47719  -131.88134  5085.77595   0.01272   0.16751   0.75307
 13    -5.47929  -131.88225  5178.72284  -0.01726   0.14314   0.64422
 14    -5.48094  -131.88184  5246.52155   0.01822   0.13834   0.62543
 15    -5.48179  -131.88017  5266.61109   0.02162   0.15019   0.67932
 16    -5.48257  -131.87831  5292.44841   0.02337   0.16128   0.72527
 17    -5.48298  -131.87641  5312.54613   0.06270   0.15262   0.68747
 18    -5.48292  -131.87447  5316.65365  -0.08143   0.15485   0.69690
 19    -5.48277  -131.87246  5320.02617  -0.00930   0.16629   0.74628
 20    -5.48271  -131.87044  5347.72756   0.00007   0.16747   0.75410
 21    -5.48264  -131.86843  5374.75916  -0.02331   0.16464   0.74278
 22    -5.48234  -131.86651  5404.04614  -0.02735   0.15341   0.69219
 23    -5.48170  -131.86452  5425.89694  -0.02418   0.16647   0.75174
 24    -5.44589  -131.86866  5169.02750   0.02808   0.16824   0.75698
 25    -5.44537  -131.87035  5165.39644  -0.05206   0.15705   0.70784
 26    -5.44501  -131.87209  5155.01139  -0.01299   0.16157   0.72580
 27    -5.44554  -131.87843  5108.93186   0.00501   0.15051   0.67878
 28    -5.45024  -131.88574  5040.15488   0.01290   0.16287   0.73319
 29    -5.45146  -131.88665  5027.24886  -0.01981   0.14425   0.65233
 30    -5.45284  -131.88750  5016.71401  -0.02379   0.14562   0.65680
 31    -5.45433  -131.88810  5008.50013   0.08394   0.17304   0.77570
 32    -5.45575  -131.88867  4991.70395  -0.09843   0.13216   0.59657
 33    -5.45727  -131.88933  4990.71054   0.03808   0.13711   0.61950
 34    -5.45883  -131.88999  5003.66026  -0.01746   0.15221   0.68828
 35    -5.46009  -131.88992  4992.15404  -0.02291   0.14494   0.65507
 36    -5.46065  -131.88888  4959.33170  -0.01875   0.15990   0.71905
 37    -5.46090  -131.88753  4919.95026  -0.00195   0.17246   0.77913
 38    -5.46107  -131.88619  4888.46952  -0.05953   0.13290   0.60187
 39    -5.46109  -131.88484  4852.15639   0.03202   0.16839   0.75709
 40    -5.46108  -131.88345  4826.80770   0.02219   0.15012   0.67725
 41    -5.46106  -131.88203  4806.31274   0.02633   0.15987   0.72122
 42    -5.46107  -131.88064  4794.83822  -0.00940   0.15530   0.69931
 43    -5.46107  -131.87926  4779.17222  -0.04044   0.16222   0.73117
 44    -5.46111  -131.87789  4774.41441   0.04108   0.14409   0.65045
 45    -5.46113  -131.87656  4772.80552  -0.03518   0.14749   0.66439
 46    -5.46117  -131.87521  4781.31826   0.02287   0.16819   0.75845
 47    -5.46121  -131.87392  4784.61582   0.05709   0.16597   0.74632
 48    -5.46127  -131.87259  4798.29583   0.04010   0.15944   0.71783
 49    -5.46135  -131.87122  4805.62564  -0.03656   0.13002   0.58449
 50    -5.46144  -131.86981  4847.93748   0.01985   0.15385   0.69299
 51    -5.46150  -131.86840  4867.63420   0.00298   0.16643   0.75177
 52    -5.46157  -131.86700  4899.06046   0.05968   0.14440   0.65140
 53    -5.46163  -131.86552  4938.19391  -0.00731   0.15188   0.68484
