Bootstrap Inversion Results (± 2σ uncertainty)

   Station: EC03 
       Lat:    -6.29162 ° ± 0.00002
       Lon:  -131.91041 ° ± 0.00001
         X:  -291.24996 m ± 1.51454
         Y:  -170.45186 m ± 2.58265
     Depth: -4742.15427 m ± 5.33715
       TAT:    13.69801 m ± 0.68494
Water Vel.:  1506.39453 m ± 1.60993
     Drift:   337.46356 m ± 1.95899
  Drift Az:   239.66228 m ± 0.38441
        dz:    88.84573 m ± 5.33715

       RMS:     1.61997 ms ± 0.41570

Bad Pings Removed: 2 
================================================================================ 
       Lat (°)   Lon (°)     Range (m)   Resid (s)  Vr (m/s)  TWT corr. (ms)
  1    -6.29180  -131.90430  4790.25802   0.01887   0.04528   0.19651
  2    -6.29173  -131.90458  4789.91413  -0.02101   0.04892   0.21132
  3    -6.29153  -131.90546  4772.96528   0.03803   0.05579   0.24035
  4    -6.29145  -131.90571  4765.48782  -0.02811   0.04753   0.20839
  5    -6.29139  -131.90591  4771.16463  -0.03505   0.06026   0.26109
  6    -6.29111  -131.90701  4761.67324  -0.02537   0.03781   0.16337
  7    -6.29106  -131.90720  4757.17922   0.00462   0.05590   0.24241
  8    -6.29020  -131.90842  4749.06652   0.04963   0.04838   0.20958
  9    -6.28877  -131.90809  4761.28827   0.04549   0.04895   0.21134
 10    -6.28713  -131.90722  4782.23291  -0.00250   0.05090   0.21962
 11    -6.28517  -131.90635  4816.67854   0.01556   0.05034   0.22106
 12    -6.28314  -131.90552  4865.86888  -0.01615   0.04127   0.17797
 13    -6.28108  -131.90471  4921.84285  -0.01718   0.05306   0.23025
 14    -6.27845  -131.90369  5016.36317   0.00157   0.06124   0.26701
 15    -6.27358  -131.90521  5176.26687  -0.01065   0.04263   0.18429
 16    -6.27346  -131.90780  5154.49392   0.01497   0.03138   0.13436
 17    -6.27353  -131.91043  5146.70220   0.02192   0.03387   0.14555
 18    -6.27392  -131.91248  5134.75752  -0.03198   0.06769   0.29486
 19    -6.28345  -131.92289  5019.84849  -0.03559   0.07103   0.31090
 20    -6.28626  -131.92372  4999.14039   0.02283   0.04207   0.18206
 21    -6.28841  -131.92401  4986.34068  -0.06740   0.04567   0.19920
 22    -6.29051  -131.92398  4976.71940   0.05221   0.04364   0.18951
 23    -6.29315  -131.92366  4965.07186  -0.02197   0.04992   0.21709
 24    -6.29518  -131.92319  4962.78195  -0.02467   0.05290   0.23066
 25    -6.29716  -131.92240  4961.94793  -0.02776   0.03290   0.14330
 26    -6.29899  -131.92128  4955.87124  -0.03017   0.04467   0.19359
 27    -6.30156  -131.91918  4963.85621  -0.05021   0.04264   0.18483
 28    -6.30307  -131.91757  4973.45189  -0.02647   0.03989   0.17200
 29    -6.30524  -131.91429  4993.81507  -0.00394   0.04497   0.19456
 30    -6.30584  -131.91231  5002.58823   0.05067   0.06999   0.30504
 31    -6.30614  -131.90961  5008.04778   0.08944   0.05743   0.24972
 32    -6.30640  -131.90748  5025.17496   0.02543   0.05871   0.25516
 33    -6.30634  -131.90536  5044.16757   0.01214   0.03290   0.14081
 34    -6.30584  -131.90333  5056.07757  -0.01193   0.04556   0.19829
 35    -6.30516  -131.90134  5076.14263   0.00560   0.04132   0.17887
 36    -6.30434  -131.89945  5094.95564  -0.01443   0.05898   0.25773
 37    -6.30323  -131.89763  5115.23665   0.03200   0.04382   0.18914
 38    -6.30187  -131.89604  5128.01568  -0.03389   0.04717   0.20467
 39    -6.30027  -131.89462  5140.17652  -0.01860   0.05757   0.25284
 40    -6.29851  -131.89334  5162.83583   0.01616   0.05368   0.23476
 41    -6.29659  -131.89231  5179.94057   0.01038   0.03417   0.14686
 42    -6.29460  -131.89142  5197.04989   0.04570   0.06080   0.26579
 43    -6.29244  -131.89096  5212.14363   0.00910   0.06575   0.28731
 44    -6.29009  -131.89079  5219.78941  -0.01226   0.06292   0.27387
 45    -6.28796  -131.89117  5216.13660   0.05703   0.04048   0.17349
 46    -6.28770  -131.89318  5130.52909  -0.03622   0.05548   0.24223
 47    -6.28813  -131.89496  5054.11223  -0.02721   0.05019   0.21719
