Bootstrap Inversion Results (± 2σ uncertainty)

   Station: EC04 
       Lat:    -7.02749 ° ± 0.00001
       Lon:  -132.29424 ° ± 0.00001
         X:   -99.73314 m ± 1.18951
         Y:  -250.63585 m ± 1.52975
     Depth: -4778.44621 m ± 3.74215
       TAT:    13.52265 m ± 0.68877
Water Vel.:  1508.20397 m ± 1.07138
     Drift:   269.75051 m ± 1.58996
  Drift Az:   201.69862 m ± 0.23531
        dz:     9.55379 m ± 3.74215

       RMS:     1.56374 ms ± 0.26861

Bad Pings Removed: 2 
================================================================================ 
       Lat (°)   Lon (°)     Range (m)   Resid (s)  Vr (m/s)  TWT corr. (ms)
  1    -7.01966  -132.29641  4862.04842   0.02279   0.07775   0.34866
  2    -7.02122  -132.29570  4829.91688  -0.00757   0.08911   0.39912
  3    -7.02556  -132.29303  4784.71066   0.00605   0.07686   0.34625
  4    -7.02630  -132.29255  4786.13064   0.02128   0.08268   0.37318
  5    -7.02699  -132.29212  4783.35213   0.03630   0.06937   0.31089
  6    -7.02781  -132.29160  4788.70153  -0.00036   0.08023   0.35916
  7    -7.02966  -132.29043  4802.77284   0.06063   0.09058   0.40916
  8    -7.03152  -132.28925  4830.09527  -0.05878   0.06326   0.28624
  9    -7.03345  -132.28805  4870.67616  -0.00983   0.07853   0.35046
 10    -7.03536  -132.28686  4925.18870  -0.04004   0.04430   0.19769
 11    -7.03728  -132.28568  4991.21064   0.02648   0.07450   0.33384
 12    -7.03923  -132.28447  5070.28702  -0.07337   0.07552   0.34032
 13    -7.04108  -132.28325  5155.65200   0.01998   0.08779   0.39383
 14    -7.04281  -132.28195  5248.98451  -0.03481   0.07649   0.34326
 15    -7.04274  -132.28024  5300.28659  -0.01417   0.07533   0.33913
 16    -7.04173  -132.27843  5327.47768  -0.04186   0.07294   0.32752
 17    -7.04049  -132.27668  5355.50591  -0.01144   0.06741   0.29964
 18    -7.03880  -132.27521  5368.42027   0.00541   0.07772   0.35165
 19    -7.03703  -132.27396  5385.01665  -0.00158   0.06507   0.29296
 20    -7.03513  -132.27289  5397.35225   0.05748   0.05795   0.25970
 21    -7.03324  -132.27184  5418.42056   0.07133   0.06672   0.29903
 22    -7.03113  -132.27111  5434.24001  -0.00938   0.08625   0.38739
 23    -7.02889  -132.27069  5444.08825   0.04254   0.08260   0.36875
 24    -7.02657  -132.27046  5452.41255   0.01400   0.07269   0.32639
 25    -7.02358  -132.27051  5469.23168   0.04783   0.08413   0.37647
 26    -7.02129  -132.27079  5478.54073  -0.02135   0.07760   0.34671
 27    -7.01834  -132.27149  5493.76153  -0.06029   0.09180   0.41318
 28    -7.01507  -132.27325  5487.10370  -0.03219   0.07985   0.35763
 29    -7.01310  -132.27452  5488.85846   0.04448   0.07164   0.32423
 30    -7.01136  -132.27576  5495.33873   0.05021   0.08306   0.37425
 31    -7.00990  -132.27713  5494.83044  -0.00860   0.08421   0.38115
 32    -7.00465  -132.28769  5450.66211   0.07186   0.09261   0.41474
 33    -7.00441  -132.28876  5450.65830  -0.02182   0.06076   0.27133
 34    -7.00430  -132.29511  5422.64129   0.04179   0.08513   0.38339
 35    -7.00690  -132.30320  5383.94763  -0.03482   0.06952   0.31097
 36    -7.00889  -132.30653  5377.54562  -0.06391   0.08067   0.36159
 37    -7.01048  -132.30783  5349.09764  -0.05532   0.08396   0.37997
 38    -7.01220  -132.30903  5323.53208   0.01737   0.09243   0.41070
 39    -7.01585  -132.31167  5310.10414  -0.01533   0.09207   0.41305
 40    -7.01885  -132.31302  5298.09331  -0.07922   0.08768   0.39449
 41    -7.02081  -132.31347  5280.46887  -0.00195   0.07494   0.33575
 42    -7.02276  -132.31384  5273.64106   0.02657   0.07212   0.32293
 43    -7.02478  -132.31416  5268.77662   0.03664   0.07144   0.32294
 44    -7.02677  -132.31416  5263.29806   0.08220   0.08217   0.36987
 45    -7.02869  -132.31389  5252.21858  -0.01988   0.08300   0.37313
 46    -7.03060  -132.31347  5237.78136  -0.00800   0.08820   0.39567
 47    -7.03238  -132.31286  5229.99472   0.00739   0.07213   0.32456
 48    -7.03687  -132.31073  5217.23588  -0.07210   0.07281   0.32786
 49    -7.04001  -132.30833  5213.60566  -0.00165   0.07045   0.31524
 50    -7.04147  -132.30707  5214.78456  -0.00338   0.06648   0.29736
 51    -7.04272  -132.30569  5224.25496  -0.02574   0.05972   0.26821
 52    -7.04383  -132.30416  5224.17442   0.03222   0.07621   0.34142
 53    -7.04399  -132.30259  5195.47440  -0.01575   0.07923   0.35373
 54    -7.04268  -132.30167  5130.81689  -0.00896   0.07681   0.34538
 55    -7.04148  -132.30077  5073.99545   0.00936   0.07662   0.34200
 56    -7.04022  -132.29993  5020.02122  -0.00303   0.08829   0.39784
 57    -7.03939  -132.29936  4989.45631   0.00899   0.08421   0.37903
