Bootstrap Inversion Results (± 2σ uncertainty)

   Station: WC02 
       Lat:    -4.97258 ° ± 0.00002
       Lon:  -133.70537 ° ± 0.00001
         X:    37.05264 m ± 1.62428
         Y:     2.77148 m ± 2.18944
     Depth: -4618.61903 m ± 4.42030
       TAT:    12.54677 m ± 0.67380
Water Vel.:  1497.46456 m ± 1.35666
     Drift:    37.17151 m ± 1.69178
  Drift Az:    85.73731 m ± 3.29000
        dz:    38.38097 m ± 4.42030

       RMS:     1.41518 ms ± 0.30615

Bad Pings Removed: 0 
================================================================================ 
       Lat (°)   Lon (°)     Range (m)   Resid (s)  Vr (m/s)  TWT corr. (ms)
  1    -4.97060  -133.70265  4633.55866  -0.00414   -0.01887  -0.10396
  2    -4.97084  -133.70339  4627.17258  -0.01612   -0.03916  -0.19608
  3    -4.97099  -133.70379  4623.12155  -0.02306   -0.02953  -0.15205
  4    -4.97217  -133.70602  4613.45334   0.01171   -0.02449  -0.12916
  5    -4.97229  -133.70626  4622.55511  -0.01474   -0.03011  -0.15224
  6    -4.97233  -133.70656  4618.90001  -0.04247   -0.01623  -0.09178
  7    -4.97241  -133.70684  4622.10718   0.08415   -0.02715  -0.14092
  8    -4.97255  -133.70695  4622.84036  -0.02820   -0.03042  -0.15527
  9    -4.97268  -133.70669  4620.20497   0.01925   -0.02042  -0.11058
 10    -4.97268  -133.70612  4618.99453   0.02350   -0.02751  -0.14317
 11    -4.97258  -133.70525  4618.39427  -0.00997   -0.02852  -0.14894
 12    -4.97251  -133.70424  4619.44281  -0.03442   -0.00847  -0.05754
 13    -4.97248  -133.70319  4624.87509  -0.01908   -0.03996  -0.19817
 14    -4.97242  -133.70206  4636.93132   0.00931   -0.01474  -0.08686
 15    -4.97237  -133.70086  4648.23582   0.01294   -0.03192  -0.16173
 16    -4.97234  -133.69946  4664.10715   0.03883   -0.04831  -0.23659
 17    -4.97234  -133.69798  4690.19655  -0.00822   -0.03543  -0.18016
 18    -4.97234  -133.69644  4723.17694   0.04279   -0.03098  -0.15858
 19    -4.97233  -133.69485  4765.92922   0.02844   -0.03557  -0.18002
 20    -4.97234  -133.69335  4803.37270  -0.00598   -0.02432  -0.13069
 21    -4.97235  -133.69055  4902.91738  -0.02539   -0.02723  -0.14189
 22    -4.98218  -133.68564  5221.88426  -0.01319   -0.02115  -0.11451
 23    -4.98387  -133.68706  5197.43131  -0.00461   -0.01767  -0.09864
 24    -4.99369  -133.69689  5257.21364  -0.07854   -0.01303  -0.08014
 25    -4.99447  -133.69995  5245.76084   0.03096   -0.01694  -0.09669
 26    -4.99378  -133.70210  5192.75753  -0.00247   -0.03317  -0.16930
 27    -4.99244  -133.70398  5119.24602  -0.02617   -0.02962  -0.15219
 28    -4.99033  -133.70649  5020.93811  -0.00513   -0.03833  -0.19213
 29    -4.98798  -133.71327  5001.83075  -0.02710   -0.02580  -0.13594
 30    -4.98691  -133.71528  5004.18220   0.00806   -0.04269  -0.21488
 31    -4.98548  -133.71704  5003.28719   0.02277   -0.01868  -0.10368
 32    -4.98382  -133.71855  5002.55411  -0.04494   -0.02631  -0.13792
 33    -4.98193  -133.71978  4992.30547  -0.01797   -0.03715  -0.18582
 34    -4.97994  -133.72077  4991.01616   0.03457   -0.02716  -0.14055
 35    -4.97743  -133.72163  4985.69218  -0.04150   -0.02687  -0.14095
 36    -4.97538  -133.72195  4980.91921   0.01094   -0.02820  -0.14572
 37    -4.97325  -133.72198  4975.11587   0.01031   -0.03616  -0.18202
 38    -4.97104  -133.72185  4969.44812  -0.01335   -0.03236  -0.16334
 39    -4.96848  -133.72141  4972.95667  -0.01971   -0.02335  -0.12371
 40    -4.96660  -133.72076  4965.64916  -0.01994   -0.02337  -0.12567
 41    -4.96331  -133.71870  4955.78045  -0.00723   -0.03008  -0.15622
 42    -4.96127  -133.71669  4946.88300  -0.05133   -0.02619  -0.13721
 43    -4.95993  -133.71524  4948.63911   0.03175   -0.01899  -0.10467
 44    -4.95877  -133.71373  4951.12554   0.02948   -0.03008  -0.15398
 45    -4.95697  -133.70973  4954.94539   0.00382   -0.03107  -0.15986
 46    -4.95654  -133.70801  4953.58272   0.01601   -0.01463  -0.08529
 47    -4.95637  -133.70626  4951.62668   0.00666   -0.03268  -0.16439
 48    -4.95678  -133.70302  4944.24766  -0.01231   -0.02888  -0.15135
 49    -4.95737  -133.70053  4945.62274   0.04318   -0.04348  -0.21509
 50    -4.96068  -133.69907  4856.44528   0.02628   -0.03242  -0.16400
 51    -4.96183  -133.69970  4810.84904   0.06538   -0.02573  -0.13405
