Bootstrap Inversion Results (± 2σ uncertainty)

   Station: WC03 
       Lat:    -5.70770 ° ± 0.00001
       Lon:  -134.09131 ° ± 0.00002
         X:   -28.78615 m ± 1.66254
         Y:    15.25689 m ± 1.44379
     Depth: -4483.14000 m ± 6.92820
       TAT:    13.07942 m ± 0.78524
Water Vel.:  1506.92098 m ± 1.99431
     Drift:    32.59092 m ± 1.35569
  Drift Az:   297.93491 m ± 3.04546
        dz:     6.86000 m ± 6.92820

       RMS:     1.42389 ms ± 0.35280

Bad Pings Removed: 2 
================================================================================ 
       Lat (°)   Lon (°)     Range (m)   Resid (s)  Vr (m/s)  TWT corr. (ms)
  1    -5.70585  -134.09381  4496.23918   0.01012   0.00771   0.01788
  2    -5.70585  -134.09381  4506.69733   0.03999   0.01473   0.04531
  3    -5.70627  -134.09350  4488.91940  -0.04219   0.01320   0.03887
  4    -5.70677  -134.09312  4482.38826   0.07448   0.02694   0.10006
  5    -5.70756  -134.09283  4487.61452  -0.02130   0.01616   0.05304
  6    -5.70854  -134.09286  4486.50888  -0.04477   0.01301   0.03753
  7    -5.70968  -134.09342  4493.26643   0.00823   0.00740   0.01533
  8    -5.71060  -134.09496  4508.89031  -0.05429   0.01151   0.03335
  9    -5.71133  -134.09693  4545.13540  -0.03038   0.00108   -0.01117
 10    -5.71207  -134.09898  4585.42241  -0.02219   0.01367   0.04133
 11    -5.71303  -134.10085  4637.79487  -0.01667   0.00170   -0.00959
 12    -5.71498  -134.10449  4785.33344  -0.05555   -0.00900  -0.05609
 13    -5.71833  -134.10792  4986.57429  -0.00544   0.00008   -0.01470
 14    -5.72947  -134.08964  5090.56539   0.02418   0.00927   0.02176
 15    -5.72919  -134.08764  5093.68195  -0.03488   0.01133   0.03184
 16    -5.72681  -134.08426  5017.22340   0.01901   0.01868   0.06218
 17    -5.72535  -134.08298  4972.44735  -0.01792   0.00513   0.00615
 18    -5.72371  -134.08172  4933.64746  -0.01461   0.00456   0.00303
 19    -5.71964  -134.07870  4880.00538   0.04992   0.02332   0.08176
 20    -5.71789  -134.07747  4867.98578   0.03042   0.02343   0.08357
 21    -5.71608  -134.07628  4874.10855  -0.02119   0.00941   0.02418
 22    -5.71411  -134.07525  4875.41195  -0.06349   0.00703   0.01273
 23    -5.71215  -134.07441  4888.78309  -0.05222   -0.00320  -0.02802
 24    -5.71006  -134.07399  4882.06518  -0.01539   0.00012   -0.01572
 25    -5.70782  -134.07408  4873.31622  -0.01306   0.01672   0.05488
 26    -5.70546  -134.07443  4862.26050  -0.01453   0.01080   0.02825
 27    -5.70318  -134.07482  4864.54975  -0.01603   0.00630   0.01038
 28    -5.70101  -134.07542  4878.28652   0.04489   0.00302   -0.00219
 29    -5.69903  -134.07665  4863.95097   0.03451   0.00162   -0.00650
 30    -5.69718  -134.07814  4859.11386  -0.00509   0.01579   0.05111
 31    -5.69557  -134.07962  4858.12075   0.02153   0.01444   0.04637
 32    -5.69424  -134.08126  4855.48826  -0.01918   0.00809   0.01855
 33    -5.69316  -134.08317  4850.11083   0.03910   0.01444   0.04412
 34    -5.69217  -134.08512  4847.12694   0.07037   -0.00052  -0.01754
 35    -5.69157  -134.08720  4848.60450   0.00119   0.02465   0.08920
 36    -5.69135  -134.08937  4838.22962  -0.01408   0.01048   0.02751
 37    -5.69114  -134.09155  4837.83548  -0.00992   0.00431   0.00157
 38    -5.69126  -134.09378  4844.56726   0.05191   0.01902   0.06204
 39    -5.69170  -134.09583  4844.00567   0.02104   0.01335   0.04030
 40    -5.69245  -134.09775  4847.93445  -0.01666   -0.00851  -0.05210
 41    -5.69324  -134.09963  4850.27400   0.01811   0.00922   0.02305
 42    -5.69440  -134.10136  4848.19418   0.00310   0.00106   -0.01079
 43    -5.69583  -134.10277  4847.75708   0.00489   0.00316   -0.00220
 44    -5.69765  -134.10404  4834.68177   0.01271   0.02350   0.08303
 45    -5.69892  -134.10428  4800.09481   0.06644   0.02230   0.07578
 46    -5.69986  -134.10413  4786.44799   0.00251   0.00368   0.00149
 47    -5.70128  -134.10224  4701.98532  -0.02679   -0.00105  -0.02083
