Bootstrap Inversion Results (± 2σ uncertainty)

   Station: WC04 
       Lat:    -6.53525 ° ± 0.00002
       Lon:  -134.13046 ° ± 0.00001
         X:  -131.69709 m ± 1.41684
         Y:     0.61237 m ± 1.91585
     Depth: -4533.98064 m ± 4.29471
       TAT:    12.71079 m ± 0.71356
Water Vel.:  1501.99064 m ± 1.28975
     Drift:   131.70201 m ± 1.41218
  Drift Az:   270.26692 m ± 0.83583
        dz:    27.01936 m ± 4.29471

       RMS:     1.15417 ms ± 0.43975

Bad Pings Removed: 3 
================================================================================ 
       Lat (°)   Lon (°)     Range (m)   Resid (s)  Vr (m/s)  TWT corr. (ms)
  1    -6.53442  -134.13037  4535.00560  -0.00531   0.13334   0.57949
  2    -6.53456  -134.13023  4535.43351   0.00826   0.12950   0.56366
  3    -6.53516  -134.12964  4532.40448  -0.04109   0.14768   0.64264
  4    -6.53573  -134.12883  4534.26520   0.01944   0.14433   0.62456
  5    -6.53593  -134.12766  4548.33221   0.02149   0.14998   0.65217
  6    -6.53594  -134.12631  4555.07141  -0.00236   0.14423   0.62741
  7    -6.53587  -134.12478  4573.04730  -0.00709   0.14867   0.64616
  8    -6.53573  -134.12309  4608.43199  -0.00266   0.16294   0.70695
  9    -6.53550  -134.12078  4653.09614   0.00048   0.14888   0.64660
 10    -6.53500  -134.11559  4821.58790  -0.01322   0.14547   0.63220
 11    -6.53480  -134.11355  4907.69221   0.00730   0.12615   0.54773
 12    -6.53459  -134.11151  4998.68590   0.00687   0.15451   0.67097
 13    -6.53446  -134.10948  5093.87225  -0.01998   0.15805   0.68763
 14    -6.53552  -134.10786  5177.89365   0.02844   0.14470   0.62640
 15    -6.53805  -134.10769  5192.76368  -0.00451   0.14230   0.62132
 16    -6.54064  -134.10834  5185.21589  -0.01210   0.13893   0.60566
 17    -6.54284  -134.10892  5190.52188   0.02646   0.15210   0.66104
 18    -6.55446  -134.13588  5043.66387   0.00745   0.15132   0.66187
 19    -6.55310  -134.13711  5000.92729  -0.04360   0.15459   0.67036
 20    -6.55106  -134.13869  4944.79010  -0.01963   0.15142   0.66135
 21    -6.52886  -134.14299  4791.70151  -0.03770   0.15602   0.67961
 22    -6.52788  -134.14192  4777.33496   0.05705   0.15769   0.68617
 23    -6.52687  -134.14080  4764.98705   0.00057   0.15629   0.68006
 24    -6.52597  -134.13962  4755.73570  -0.00725   0.14877   0.64817
 25    -6.52511  -134.13842  4750.86390   0.00630   0.14409   0.62683
 26    -6.52437  -134.13719  4751.89508  -0.04373   0.12482   0.54381
 27    -6.52371  -134.13594  4749.89959  -0.02322   0.14856   0.64570
 28    -6.52323  -134.13467  4747.65138   0.00253   0.12515   0.54474
 29    -6.52276  -134.13338  4754.06543   0.03818   0.14668   0.63920
 30    -6.52226  -134.13208  4758.47956  -0.01273   0.14150   0.61271
 31    -6.52176  -134.13076  4771.68044   0.00692   0.13310   0.57642
 32    -6.52170  -134.12907  4779.23119   0.01591   0.14565   0.63289
 33    -6.52194  -134.12769  4780.24163  -0.00275   0.15133   0.65947
 34    -6.52370  -134.12300  4784.21032   0.03382   0.11776   0.51048
 35    -6.52510  -134.12295  4744.22391   0.01815   0.13931   0.60832
 36    -6.52643  -134.12384  4695.78860  -0.00951   0.17734   0.77028
