Bootstrap Inversion Results (± 2σ uncertainty)

   Station: WW04 
       Lat:    -7.03850 ° ± 0.00002
       Lon:  -135.62722 ° ± 0.00004
         X:   -19.09683 m ± 4.02410
         Y:   173.80178 m ± 2.64859
     Depth: -4490.68424 m ± 10.78413
       TAT:    13.46815 m ± 1.51359
Water Vel.:  1509.16209 m ± 2.95003
     Drift:   174.85800 m ± 2.98595
  Drift Az:   353.73371 m ± 1.23525
        dz:     0.31576 m ± 10.78413

       RMS:     3.94053 ms ± 3.54914

Bad Pings Removed: 3 
================================================================================ 
       Lat (°)   Lon (°)     Range (m)   Resid (s)  Vr (m/s)  TWT corr. (ms)
  1    -7.03919  -135.63117  4512.42586  -0.06559   0.03105   0.12744
  2    -7.03918  -135.63090  4502.01250   0.03459   0.04380   0.18141
  3    -7.03916  -135.62990  4497.83259   0.01230   0.06644   0.28070
  4    -7.03937  -135.62864  4498.59053   0.18336   0.06476   0.27174
  5    -7.04038  -135.62744  4495.67971  -0.00506   0.04756   0.19529
  6    -7.04182  -135.62623  4511.96092   0.01238   0.05277   0.22039
  7    -7.04333  -135.62502  4525.41400  -0.22844   0.06041   0.25104
  8    -7.04485  -135.62381  4553.63188   0.06808   0.03728   0.15596
  9    -7.04656  -135.62264  4603.48662   0.05416   0.05423   0.22496
 10    -7.04828  -135.62144  4666.11631  -0.07231   0.07070   0.29799
 11    -7.05124  -135.61940  4783.66869   0.01233   0.06070   0.25377
 12    -7.05300  -135.61821  4876.65549  -0.00766   0.05044   0.20939
 13    -7.05473  -135.61700  4966.13743   0.02679   0.06456   0.26854
 14    -7.05634  -135.61562  5072.62087   0.14828   0.06475   0.27106
 15    -7.05624  -135.61394  5119.91885  -0.01895   0.07362   0.30686
 16    -7.03370  -135.60622  5082.81162  -0.00529   0.05612   0.23230
 17    -7.03189  -135.60809  5010.58635  -0.16874   0.05222   0.21682
 18    -7.03065  -135.61033  4937.29921   0.01430   0.06538   0.27065
 19    -7.02963  -135.61187  4897.01576  -0.06944   0.05889   0.24611
 20    -7.02829  -135.61342  4880.85240  -0.13632   0.05994   0.24777
 21    -7.02697  -135.61481  4865.85884  -0.13775   0.04825   0.19850
 22    -7.02594  -135.61599  4855.14329  -0.00263   0.05512   0.22838
 23    -7.02296  -135.62124  4861.45030   0.10744   0.05212   0.21644
 24    -7.02248  -135.62283  4854.30707  -0.00371   0.05762   0.24151
 25    -7.02219  -135.62448  4851.57999   0.01594   0.08301   0.34670
 26    -7.02219  -135.62692  4848.31520   0.02889   0.04767   0.19772
 27    -7.02290  -135.63173  4829.82079   0.08956   0.03558   0.14462
 28    -7.02322  -135.63340  4849.28624   0.12928   0.03965   0.16405
 29    -7.02383  -135.63498  4853.20353   0.16478   0.05236   0.21807
 30    -7.02466  -135.63641  4857.94718  -0.13869   0.06795   0.28464
 31    -7.02563  -135.63774  4847.28182   0.06892   0.05686   0.23637
 32    -7.02660  -135.63904  4859.96337   0.10194   0.04370   0.18008
 33    -7.02760  -135.64034  4869.84726   0.10115   0.06204   0.26175
 34    -7.02867  -135.64146  4880.86081   0.10008   0.04788   0.19788
 35    -7.02989  -135.64218  4878.77243  -0.09693   0.04167   0.17283
 36    -7.03124  -135.64273  4880.44868  -0.07733   0.04168   0.17034
 37    -7.03264  -135.64333  4870.39199   0.02453   0.05162   0.21515
 38    -7.03402  -135.64389  4881.53874  -0.00115   0.04915   0.20346
 39    -7.03537  -135.64447  4901.27755   0.03815   0.04409   0.18295
 40    -7.03670  -135.64493  4901.08955  -0.11938   0.04757   0.19996
 41    -7.03805  -135.64506  4910.69165   0.15784   0.06759   0.28333
 42    -7.03949  -135.64512  4902.96390   0.05648   0.04972   0.20630
 43    -7.04105  -135.64521  4917.48454  -0.03107   0.07273   0.30201
 44    -7.04265  -135.64523  4928.76894   0.02793   0.06293   0.26505
 45    -7.04413  -135.64498  4937.37202  -0.15397   0.04794   0.20162
 46    -7.04546  -135.64444  4942.39576  -0.26285   0.06359   0.26508
 47    -7.04680  -135.64384  4944.76394  -0.17555   0.06387   0.26953
 48    -7.04812  -135.64311  4929.45399  -0.02168   0.05358   0.22305
 49    -7.04947  -135.64236  4951.54790   0.19024   0.04953   0.20539
 50    -7.05074  -135.64159  4945.42979  -0.06851   0.04581   0.18781
 51    -7.05191  -135.64066  4953.47646   0.05937   0.06721   0.28336
 52    -7.05312  -135.63970  4970.47685   0.06183   0.04862   0.20284
 53    -7.05422  -135.63870  4974.17578   0.15213   0.05196   0.21725
 54    -7.05507  -135.63751  4982.99053  -0.08557   0.06222   0.26068
 55    -7.05581  -135.63618  4979.19083   0.05010   0.05431   0.22670
 56    -7.05576  -135.63486  4944.30862  -0.00672   0.09182   0.38620
 57    -7.05460  -135.63414  4891.11274   0.00637   0.03804   0.15709
 58    -7.05328  -135.63342  4822.20616  -0.03975   0.06302   0.26309
 59    -7.05194  -135.63277  4761.89314  -0.14246   0.04569   0.18981
 60    -7.05073  -135.63225  4729.55697   0.04874   0.04194   0.17160
