Bootstrap inversion results (2sigma uncertainty)
Station: CC03
Lat:   -4.88160 deg (0.000014) 
Lon:   -132.68895 deg (0.000010) 
X:     13.356425 m (1.145406) 
Y:    89.268186 m (1.518524) 
Depth: -4739.256478 m (3.454568) 
TAT:   12.752406 ms (1.055718) 
Water Vel.: 1506.825061 m/s (1.048586)
Drift Lon: 13.356425 m (1.145406) 
Drift Lat: 89.268186 m (1.518524) 
Drift:    90.263529 m (1.552798) 
Drift Azi: 8.509065 deg (0.697619)
dz: 10.743522 m (3.454568)

RMS:  1.542380 ms (0.326474)

Bad pings Removed: 3
===================================================
       Lat        Lon       Range (m)    Residual (s) Doppler Vel. (m/s)  TWT corr. (ms) 
  1:  -4.882117 -132.690453 4742.531154  -1.433546  -0.004550  -0.019044
  2:  -4.882108 -132.690443 4742.481321  -0.405720  -0.002331  -0.009758
  3:  -4.882112 -132.690440 4742.472778  -1.354370   0.000386   0.001617
  4:  -4.882107 -132.690455 4742.524537  -1.423263  -0.000394  -0.001647
  5:  -4.882098 -132.690608 4743.143066  -0.288002  -0.003874  -0.016219
  6:  -4.882077 -132.690578 4742.988078   0.880954  -0.009228  -0.038636
  7:  -4.882430 -132.690233 4742.277494  -0.149634  -0.004458  -0.018659
  8:  -4.883143 -132.689708 4743.064190   0.767103   0.023498   0.098382
  9:  -4.883957 -132.689035 4746.409058   1.316478   0.069938   0.293046
 10:  -4.884765 -132.688328 4752.639587   1.057452   0.113482   0.476114
 11:  -4.885473 -132.687812 4760.218727   1.002231   0.128726   0.540923
 12:  -4.886192 -132.687243 4770.102538  -0.071498   0.121225   0.510381
 13:  -4.886658 -132.687040 4776.814935   2.911489   0.088267   0.372293
 14:  -4.886882 -132.687107 4779.446299   0.501706   0.043750   0.184573
 15:  -4.886983 -132.687382 4779.625439   0.274399   0.003931   0.016584
 16:  -4.887012 -132.687818 4778.499460   1.708491  -0.018884  -0.079664
 17:  -4.887005 -132.688380 4777.177290  -0.454281  -0.028875  -0.121741
 18:  -4.886938 -132.689040 4775.853671   0.280064  -0.029470  -0.124231
 19:  -4.886738 -132.689662 4773.814695  -0.976407  -0.018228  -0.076794
 20:  -4.886440 -132.690207 4771.386338   1.178154  -0.011824  -0.049806
 21:  -4.886163 -132.690600 4769.528536   2.604117  -0.017498  -0.073691
 22:  -4.886902 -132.692660 4793.045415  -2.457461  -0.029999  -0.126867
 23:  -4.886670 -132.692207 4785.922920  -2.028504  -0.032782  -0.138437
 24:  -4.886803 -132.691440 4782.006717  -0.869094  -0.020720  -0.087444
 25:  -4.887202 -132.690577 4782.934139  -1.088470   0.026215   0.110649
 26:  -4.887700 -132.689695 4787.692478  -0.412275   0.101652   0.429530
 27:  -4.888168 -132.688803 4794.574686   0.423390   0.176506   0.746982
 28:  -4.888917 -132.687807 4809.445362  -0.295176   0.275696   1.170256
 29:  -4.889655 -132.686327 4830.949120  -0.819967   0.423925   1.807338
 30:  -4.890458 -132.684722 4862.040685  -1.075811   0.592396   2.541713
 31:  -4.891448 -132.683182 4904.612288  -0.598383   0.757420   3.278382
 32:  -4.892480 -132.681660 4955.915471   3.204639   0.911674   3.989418
 33:  -4.893532 -132.680142 5015.484484   0.224669   1.023653   4.531197
 34:  -4.894602 -132.678598 5083.800448   0.539037   1.072768   4.813403
 35:  -4.895635 -132.677092 5157.350210  -0.077245   1.069370   4.867055
 36:  -4.896033 -132.675392 5221.921217  -1.685956   0.982458   4.526114
 37:  -4.895925 -132.673613 5278.496259   0.116669   0.745117   3.470872
 38:  -4.895535 -132.671413 5349.532335   5.492901   0.468442   2.213465
 39:  -4.893775 -132.669017 5400.044038  -2.061956   0.277354   1.321133
 40:  -4.891527 -132.668328 5375.538574   0.307513   0.072300   0.342969
 41:  -4.889717 -132.667660 5370.455578   1.005138  -0.075415  -0.357460
 42:  -4.887785 -132.667143 5364.517750  -0.996925  -0.071789  -0.339785
 43:  -4.885843 -132.666763 5360.621220   2.982718   0.006511   0.030813
 44:  -4.883810 -132.666450 5361.736160  -1.294254   0.082972   0.392488
 45:  -4.881762 -132.666193 5369.531808  -2.553323   0.136379   0.645920
 46:  -4.879773 -132.665977 5384.645244  -0.725742   0.145852   0.692946
 47:  -4.877702 -132.665908 5401.692374  -0.360639   0.135490   0.645780
 48:  -4.875570 -132.666277 5406.485664  -1.660756   0.107671   0.513537
 49:  -4.873437 -132.666888 5409.609617   1.033357   0.042108   0.201037
 50:  -4.871392 -132.667683 5412.917056  -0.262899  -0.056561  -0.270152
 51:  -4.869408 -132.668707 5414.839003  -0.811091  -0.158385  -0.756688
 52:  -4.867630 -132.670190 5401.643236  -0.304834  -0.246995  -1.177252
 53:  -4.866095 -132.672028 5378.115142   0.856464  -0.304798  -1.446690
 54:  -4.864787 -132.674050 5352.550408  -0.149171  -0.321243  -1.517281
 55:  -4.863712 -132.676065 5330.783154   0.691026  -0.299680  -1.409869
 56:  -4.862823 -132.678050 5313.637723   1.433956  -0.260358  -1.221077
 57:  -4.862080 -132.680120 5299.098966  -0.208358  -0.214486  -1.002949
 58:  -4.861460 -132.682227 5289.430672  -0.359519  -0.170587  -0.796203
 59:  -4.861027 -132.684433 5280.976371   0.806082  -0.118493  -0.552275
 60:  -4.860803 -132.686643 5274.106886   0.915679  -0.069169  -0.321971
 61:  -4.860755 -132.688877 5270.241509  -0.871497  -0.046907  -0.218127
 62:  -4.860832 -132.691108 5271.972842   1.691792  -0.046509  -0.216428
 63:  -4.861113 -132.693335 5275.496326  -1.787380  -0.040408  -0.188064
 64:  -4.861880 -132.695372 5265.422773  -0.488223  -0.036877  -0.171337
 65:  -4.862795 -132.697428 5260.285472   0.277471  -0.036434  -0.169132
 66:  -4.863832 -132.699238 5255.932733  -0.861813  -0.045006  -0.208715
 67:  -4.864930 -132.701173 5262.904422  -0.167336  -0.026102  -0.121222
 68:  -4.866352 -132.702763 5258.566097  -0.391033  -0.012049  -0.055908
 69:  -4.867923 -132.704170 5253.472492  -1.570254  -0.041834  -0.193890
 70:  -4.869563 -132.705440 5251.539257   0.860813  -0.097915  -0.453824
 71:  -4.872938 -132.707693 5263.171338  -1.435698   0.036327   0.168683
 72:  -4.874882 -132.708272 5254.159097   1.343012   0.026504   0.122917
 73:  -4.876840 -132.708788 5251.675393  -0.243956   0.018390   0.085225
 74:  -4.878850 -132.709193 5253.101386   0.771709   0.036164   0.167670
 75:  -4.880935 -132.709563 5262.493238   1.267741   0.051820   0.240707
 76:  -4.882917 -132.709623 5266.873423  -0.416764   0.004059   0.018863
 77:  -4.886802 -132.709365 5283.819078   0.967559   0.009481   0.044214
 78:  -4.892188 -132.707333 5290.430425   0.258446   0.022697   0.105967
 79:  -4.894583 -132.705997 5300.583135   3.458278  -0.205640  -0.962551
 80:  -4.901633 -132.695930 5288.323289   1.923349  -0.008207  -0.038316
 81:  -4.901068 -132.694542 5242.017073  -4.139155  -0.341443  -1.578297
 82:  -4.900315 -132.693787 5199.055164  -2.256045  -0.642418  -2.946213
 83:  -4.899413 -132.693470 5156.648068  -2.949306  -0.779256  -3.544323
 84:  -4.897885 -132.693323 5092.917123   1.368222  -0.795366  -3.575683
 85:  -4.896627 -132.693178 5043.881087  -1.414625  -0.788788  -3.510452
