Bootstrap inversion results (2sigma uncertainty)
Station: CC06
Lat:   -5.83853 deg (0.000009) 
Lon:   -132.95180 deg (0.000008) 
X:     -71.032638 m (0.884414) 
Y:    56.380340 m (0.981571) 
Depth: -4823.828907 m (3.682318) 
TAT:   13.824059 ms (0.873333) 
Water Vel.: 1510.899857 m/s (0.979917)
Drift Lon: -71.032638 m (0.884414) 
Drift Lat: 56.380340 m (0.981571) 
Drift:    90.688985 m (1.136255) 
Drift Azi: 308.439558 deg (0.425779)
dz: 0.171093 m (3.682318)

RMS:  1.298720 ms (0.293137)

Bad pings Removed: 0
===================================================
       Lat        Lon       Range (m)    Residual (s) Doppler Vel. (m/s)  TWT corr. (ms) 
  1:  -5.838963 -132.951723 4824.074490   0.440531   0.002466   0.010444
  2:  -5.839037 -132.951408 4824.350481   0.110709   0.013171   0.055790
  3:  -5.839265 -132.950717 4826.008709  -0.068841   0.049301   0.208903
  4:  -5.839703 -132.949858 4830.368715  -1.643844   0.111635   0.473382
  5:  -5.840660 -132.948835 4840.735713  -0.515298   0.221028   0.939358
  6:  -5.841865 -132.947682 4859.370832  -1.109980   0.371786   1.586066
  7:  -5.843122 -132.946475 4886.214501   1.115320   0.538697   2.311263
  8:  -5.844517 -132.945192 4923.760531  -2.285944   0.713371   3.083146
  9:  -5.845938 -132.943843 4971.639216   0.130064   0.893048   3.898091
 10:  -5.847377 -132.942488 5028.928973   0.298104   1.067820   4.714646
 11:  -5.848860 -132.941115 5096.551430   2.660326   1.218552   5.453905
 12:  -5.850348 -132.939727 5173.539133   3.706383   1.292729   5.874236
 13:  -5.851798 -132.938273 5259.913698   4.325637   1.167231   5.393267
 14:  -5.852490 -132.936422 5343.545597   1.738613   0.830149   3.895228
 15:  -5.852075 -132.934553 5400.140929   0.866059   0.428410   2.031110
 16:  -5.845263 -132.930492 5421.541417   1.485366   0.451979   2.151596
 17:  -5.843048 -132.929887 5423.014667  -1.265642   0.200354   0.953508
 18:  -5.840913 -132.929405 5430.532802  -1.206170   0.052806   0.251665
 19:  -5.838775 -132.929275 5430.802180  -0.604498   0.011016   0.052510
 20:  -5.836708 -132.929440 5426.108502  -0.432859  -0.021756  -0.103615
 21:  -5.834583 -132.929767 5423.533452  -0.968660  -0.043727  -0.208138
 22:  -5.832497 -132.930258 5422.788578  -0.057942  -0.053978  -0.256938
 23:  -5.830458 -132.930995 5419.929141  -1.186923  -0.069788  -0.331954
 24:  -5.828538 -132.931888 5417.899850  -1.482208  -0.111789  -0.531513
 25:  -5.825593 -132.933828 5410.912957   0.634378  -0.059537  -0.282810
 26:  -5.823838 -132.935280 5408.955818  -0.688349  -0.108555  -0.515352
 27:  -5.822302 -132.937018 5400.966728  -0.157480  -0.117629  -0.557660
 28:  -5.821095 -132.939000 5384.864133   0.142442  -0.104469  -0.493821
 29:  -5.819938 -132.941002 5378.378097  -1.202820  -0.086333  -0.407518
 30:  -5.818887 -132.943035 5378.730360  -1.644339  -0.058065  -0.274084
 31:  -5.818030 -132.945152 5380.620842  -0.213750  -0.044201  -0.208759
 32:  -5.817518 -132.947368 5376.757176   0.836487  -0.074309  -0.350764
 33:  -5.817250 -132.949602 5372.765846  -0.784743  -0.129737  -0.611794
 34:  -5.817465 -132.954048 5362.634537   0.544600   0.012029   0.056631
 35:  -5.817862 -132.956243 5360.548425   1.273251  -0.008966  -0.042196
 36:  -5.818558 -132.958295 5353.916021   2.008489  -0.012350  -0.058062
 37:  -5.819368 -132.960273 5351.626002   1.085972  -0.011474  -0.053911
 38:  -5.820265 -132.962197 5354.863754  -1.069972  -0.016156  -0.075929
 39:  -5.821377 -132.964095 5359.227614   0.081079   0.000354   0.001664
 40:  -5.822725 -132.965640 5354.722131   1.937738   0.000971   0.004564
 41:  -5.824217 -132.966950 5346.902038  -0.560860  -0.018966  -0.089011
 42:  -5.825697 -132.968313 5350.459412  -1.239601  -0.016090  -0.075557
 43:  -5.827275 -132.969368 5348.216055  -1.263004  -0.000117  -0.000551
 44:  -5.829038 -132.970428 5350.379290   1.708019   0.004547   0.021363
 45:  -5.830917 -132.971353 5354.135150   0.782106   0.013740   0.064586
 46:  -5.832940 -132.972045 5355.149736   0.459532   0.037531   0.176443
 47:  -5.835055 -132.972467 5353.008718   0.308074   0.042596   0.200166
 48:  -5.837147 -132.972857 5360.033547   0.975111   0.048667   0.229022
 49:  -5.839265 -132.972948 5362.889269   1.174575   0.058582   0.275836
 50:  -5.841348 -132.972823 5365.299134   0.051204   0.051615   0.243095
 51:  -5.843417 -132.972532 5369.538464  -0.535441   0.048406   0.228139
 52:  -5.845342 -132.971962 5368.561703  -1.208537   0.034895   0.164414
 53:  -5.847347 -132.971252 5372.123415   0.970635   0.014311   0.067497
 54:  -5.849292 -132.970398 5378.399860  -0.271877   0.010331   0.048772
 55:  -5.851058 -132.969167 5374.673268  -0.332092   0.031929   0.150629
 56:  -5.852700 -132.967792 5372.207125  -1.038331   0.043848   0.206745
 57:  -5.854280 -132.966338 5375.369114  -1.214179   0.035678   0.168313
 58:  -5.855812 -132.964835 5385.626551  -0.807760  -0.016611  -0.078518
 59:  -5.857463 -132.962668 5394.567259   0.291098  -0.066985  -0.317219
 60:  -5.858268 -132.960743 5386.501182   0.920127  -0.169276  -0.800526
 61:  -5.858340 -132.958897 5355.916990  -1.444667  -0.278415  -1.308641
 62:  -5.858040 -132.957615 5323.408932  -0.467581  -0.396504  -1.852738
 63:  -5.857798 -132.956697 5301.270448  -2.088578  -0.489324  -2.276381
 64:  -5.857388 -132.956015 5275.997789   0.257318  -0.559146  -2.589821
 65:  -5.856700 -132.955625 5242.710838  -0.634384  -0.631634  -2.906671
 66:  -5.855383 -132.955420 5186.846118  -1.655190  -0.684043  -3.114009
 67:  -5.854283 -132.955195 5142.508914  -0.037173  -0.736757  -3.326089
 68:  -5.851968 -132.954708 5057.802617   0.081300  -0.650013  -2.886345
