Bootstrap inversion results (2sigma uncertainty)
Station: WC01
Lat:   -4.14331 deg (0.000021) 
Lon:   -133.66494 deg (0.000035) 
X:     249.584622 m (3.862958) 
Y:    172.937536 m (2.373316) 
Depth: -4483.142420 m (5.320386) 
TAT:   11.215210 ms (1.364297) 
Water Vel.: 1498.176551 m/s (1.797333)
Drift Lon: 249.584622 m (3.862958) 
Drift Lat: 172.937536 m (2.373316) 
Drift:    303.645248 m (4.278203) 
Drift Azi: 55.281554 deg (0.283294)
dz: -18.142420 m (5.320386)

RMS:  2.916760 ms (1.793011)

Bad pings Removed: 0
===================================================
       Lat        Lon       Range (m)    Residual (s) Doppler Vel. (m/s)  TWT corr. (ms) 
  1:  -4.138347 -133.671120 4568.351071  -3.635286  -0.252174  -1.027839
  2:  -4.139713 -133.671028 4551.159389  -0.805484  -0.222687  -0.904619
  3:  -4.140957 -133.670915 4539.367948   0.908464  -0.180874  -0.733080
  4:  -4.142462 -133.670722 4529.798418  -0.281858  -0.128549  -0.519812
  5:  -4.144188 -133.670700 4529.546323   0.968278  -0.102740  -0.415478
  6:  -4.145510 -133.670182 4527.294249   1.923776  -0.134372  -0.543211
  7:  -4.145572 -133.669562 4519.337149   0.641699  -0.223745  -0.902787
  8:  -4.145078 -133.668677 4506.540416   0.711675  -0.268150  -1.078882
  9:  -4.144692 -133.668017 4498.730355   1.113855  -0.260209  -1.045206
 10:  -4.144328 -133.667375 4492.695365   1.159853  -0.216925  -0.870145
 11:  -4.144108 -133.666997 4489.818928   0.071121  -0.187992  -0.753514
 12:  -4.143905 -133.666630 4487.546511   2.002809  -0.154949  -0.620926
 13:  -4.143048 -133.664897 4483.235861   0.804335   0.013779   0.055157
 14:  -4.142177 -133.663145 4489.318156   3.553839   0.188563   0.756060
 15:  -4.141292 -133.661410 4505.772351   3.635691   0.363675   1.463709
 16:  -4.140435 -133.659640 4532.761439  -0.226347   0.532495   2.154555
 17:  -4.139583 -133.657915 4569.111806   1.158959   0.693906   2.830882
 18:  -4.138735 -133.656223 4614.238014  -1.011023   0.847808   3.491639
 19:  -4.137890 -133.654537 4668.194132   1.852483   0.975806   4.067498
 20:  -4.137033 -133.652810 4732.253010  -2.496098   0.993065   4.193139
 21:  -4.136193 -133.651117 4803.496496  -4.413260   0.852553   3.652611
 22:  -4.136018 -133.649418 4870.202749  -2.438535   0.610198   2.651202
 23:  -4.137490 -133.648517 4882.437409  -2.005324   0.315309   1.373659
 24:  -4.139783 -133.647722 4889.381272  18.314254   0.090349   0.395663
 25:  -4.143857 -133.647105 4901.479660  -1.388951   0.129840   0.567899
 26:  -4.148387 -133.647427 4918.965163  -2.625704   0.308580   1.354168
 27:  -4.150502 -133.647808 4934.639744  -1.666087   0.295449   1.300918
 28:  -4.152555 -133.648388 4952.038256   0.918904   0.285275   1.261157
 29:  -4.154583 -133.649148 4972.796854  -1.536595   0.282392   1.253038
 30:  -4.156512 -133.650230 4989.911907  -2.438775   0.282179   1.256284
 31:  -4.158260 -133.651533 5004.938460  -1.495514   0.286320   1.278694
 32:  -4.159873 -133.653062 5019.440627   0.972871   0.302773   1.356664
 33:  -4.161388 -133.654730 5038.086139  -1.793577   0.331715   1.491231
 34:  -4.162760 -133.656477 5060.605445   0.105955   0.352144   1.590599
 35:  -4.163990 -133.658410 5084.877308   0.680051   0.356793   1.619410
 36:  -4.164973 -133.660405 5108.129414  -0.359690   0.336281   1.533091
 37:  -4.165710 -133.662677 5128.301743   1.648118   0.318247   1.456961
 38:  -4.166137 -133.665035 5145.125693   0.290121   0.301424   1.384164
 39:  -4.166335 -133.667383 5163.031793  -1.527283   0.298431   1.374879
 40:  -4.166217 -133.669745 5176.999495  -1.199411   0.304113   1.404806
 41:  -4.165942 -133.672115 5195.964836   2.263729   0.294583   1.366567
 42:  -4.165467 -133.674448 5217.050916  -0.708654   0.264516   1.231486
 43:  -4.164748 -133.676710 5237.151801  -3.311561   0.239375   1.118283
 44:  -4.163362 -133.679233 5247.353882   0.751819   0.237283   1.111359
 45:  -4.162052 -133.681098 5254.825894   1.700872   0.140698   0.660023
 46:  -4.160718 -133.682872 5269.613515   0.063024   0.050471   0.237372
 47:  -4.157735 -133.685505 5277.957559  -0.052537   0.075764   0.356883
 48:  -4.155367 -133.686975 5278.410780   0.335118  -0.109429  -0.515517
 49:  -4.151905 -133.688722 5289.006942  -0.752620  -0.264157  -1.246743
 50:  -4.140193 -133.689343 5249.502116   3.600469   0.113850   0.533728
 51:  -4.138278 -133.688845 5239.385646  -1.444589  -0.253244  -1.183874
 52:  -4.129160 -133.683193 5162.563676   0.003801   0.070535   0.325005
 53:  -4.127848 -133.681788 5149.657099   1.995302  -0.142824  -0.656679
 54:  -4.126422 -133.679820 5129.657201  -1.898904  -0.234036  -1.071081
 55:  -4.125522 -133.678122 5109.547856  -0.250776  -0.311164  -1.418962
 56:  -4.124765 -133.676395 5091.094666   1.256447  -0.425514  -1.934028
 57:  -4.123458 -133.672232 5056.742565   2.128542  -0.430479  -1.943635
 58:  -4.123205 -133.668942 5023.596043  -2.286288  -0.551230  -2.470500
 59:  -4.124278 -133.667742 4962.094355   3.293804  -0.754568  -3.344101
 60:  -4.127527 -133.667885 4821.822380  -2.953226  -0.842106  -3.622549
 61:  -4.132493 -133.667767 4650.436296  -1.301980  -0.652747  -2.709246
 62:  -4.133808 -133.667758 4615.126246  -3.075812  -0.559547  -2.304196
 63:  -4.135087 -133.667728 4584.798150  -2.629911  -0.474961  -1.943135
 64:  -4.136352 -133.667707 4558.966661  -3.108979  -0.401045  -1.631384
 65:  -4.137587 -133.667700 4537.877130  -1.040251  -0.328167  -1.329174
 66:  -4.138853 -133.667695 4520.446325  -2.691781  -0.259263  -1.045836
