Bootstrap inversion results (2sigma uncertainty)
Station: WW04
Lat:   -7.03850 deg (0.000023) 
Lon:   -135.62722 deg (0.000037) 
X:     -19.093443 m (4.048335) 
Y:    173.787263 m (2.547085) 
Depth: -4490.720839 m (10.521277) 
TAT:   13.343874 ms (1.146194) 
Water Vel.: 1509.142933 m/s (2.917244)
Drift Lon: -19.093443 m (4.048335) 
Drift Lat: 173.787263 m (2.547085) 
Drift:    174.843403 m (2.880390) 
Drift Azi: 353.734134 deg (1.248013)
dz: 0.279161 m (10.521277)

RMS:  3.952074 ms (3.521185)

Bad pings Removed: 3
===================================================
       Lat        Lon       Range (m)    Residual (s) Doppler Vel. (m/s)  TWT corr. (ms) 
  1:  -7.039193 -135.631170 4512.501368   7.618837  -0.168461  -0.669502
  2:  -7.039183 -135.630903 4509.730570  -1.722775  -0.168493  -0.668640
  3:  -7.039158 -135.629897 4501.019069  -2.082092  -0.121016  -0.479321
  4:  -7.039370 -135.628635 4494.463921  -1.475903  -0.046636  -0.184455
  5:  -7.040377 -135.627438 4495.584580  -1.908836   0.071725   0.283743
  6:  -7.041817 -135.626233 4507.014492  -1.142628   0.245736   0.974672
  7:  -7.043335 -135.625023 4528.985576  -1.283179   0.445033   1.773634
  8:  -7.044852 -135.623810 4560.964167   1.108014   0.637643   2.559836
  9:  -7.046560 -135.622637 4606.314416   0.141586   0.833577   3.379376
 10:  -7.048275 -135.621438 4663.044474   0.841979   1.029130   4.223650
 11:  -7.051235 -135.619403 4785.073175  -0.735218   1.333926   5.616418
 12:  -7.053000 -135.618213 4871.278575   0.883780   1.407485   6.034117
 13:  -7.054730 -135.617003 4966.249034   2.833086   1.182846   5.172131
 14:  -7.056343 -135.615620 5069.960156   0.575419   0.644380   2.875034
 15:  -7.056242 -135.613938 5115.771984  -0.896920  -0.020462  -0.092086
 16:  -7.033697 -135.606220 5082.661757  -2.727045  -0.014805  -0.066164
 17:  -7.031890 -135.608087 5017.065800   0.685257  -0.294313  -1.299463
 18:  -7.030652 -135.610335 4939.753899   0.207039  -0.489946  -2.129789
 19:  -7.029625 -135.611875 4899.501525  -3.162648  -0.502668  -2.165867
 20:  -7.028295 -135.613423 4874.886633   0.186060  -0.339115  -1.454763
 21:  -7.026968 -135.614815 4865.381854   0.700506  -0.221852  -0.949915
 22:  -7.025943 -135.615988 4861.609039   3.482149  -0.207231  -0.887122
 23:  -7.022957 -135.621245 4853.560397  -1.433667   0.048395   0.206644
 24:  -7.022483 -135.622825 4851.763474  -2.034576  -0.021093  -0.090020
 25:  -7.022190 -135.624483 4848.822876  -2.115717  -0.082101  -0.350191
 26:  -7.022193 -135.626918 4839.346067  -0.664690  -0.068515  -0.291730
 27:  -7.022898 -135.631728 4836.408581   0.144720   0.118454   0.504156
 28:  -7.023217 -135.633402 4846.531460   4.548665   0.087639   0.374044
 29:  -7.023828 -135.634977 4851.049480   1.698845   0.076117   0.325015
 30:  -7.024655 -135.636407 4851.811160   3.523680   0.077855   0.332603
 31:  -7.025627 -135.637743 4852.227503   2.095585   0.093204   0.398091
 32:  -7.026603 -135.639042 4858.223143   0.283998   0.102892   0.439892
 33:  -7.027598 -135.640337 4870.223739  -0.625741   0.093924   0.402472
 34:  -7.028667 -135.641460 4880.906924   2.075981   0.072317   0.310706
 35:  -7.029895 -135.642175 4878.633490   4.945244   0.041458   0.178134
 36:  -7.031237 -135.642732 4873.162838   1.438498   0.026810   0.114995
 37:  -7.032645 -135.643332 4873.744162   2.585263   0.057237   0.245592
 38:  -7.034020 -135.643890 4878.833211 -28.654978   0.097837   0.417975
 39:  -7.035370 -135.644475 4890.769836   2.986423   0.115959   0.499303
 40:  -7.036697 -135.644933 4902.574374   1.438738   0.122866   0.530169
 41:  -7.038050 -135.645055 4904.157816   0.376182   0.125660   0.542286
 42:  -7.039487 -135.645117 4907.863693   2.366666   0.119276   0.515338
 43:  -7.041053 -135.645205 4918.707425   1.099269   0.114438   0.495404
 44:  -7.042647 -135.645230 4933.079339   2.909259   0.111619   0.484771
 45:  -7.044133 -135.644978 4939.966535   0.849625   0.087997   0.382583
 46:  -7.045463 -135.644445 4937.660230  -0.986084   0.047837   0.207805
 47:  -7.046797 -135.643842 4937.624674  -0.904556   0.031470   0.136709
 48:  -7.048125 -135.643115 4937.908973  -0.315113   0.049032   0.213037
 49:  -7.049468 -135.642363 4943.336889  -0.509827   0.083846   0.364692
 50:  -7.050742 -135.641588 4951.660055  -0.516092   0.120863   0.526557
 51:  -7.051912 -135.640663 4957.024549  -0.625789   0.133653   0.582914
 52:  -7.053115 -135.639705 4968.033289  -0.258516   0.115101   0.503152
 53:  -7.054217 -135.638705 4979.713234   1.187929   0.047526   0.208298
 54:  -7.055068 -135.637513 4981.680825   0.614177  -0.116349  -0.510082
 55:  -7.055808 -135.636183 4981.087028   1.357957  -0.358983  -1.573808
 56:  -7.055758 -135.634857 4951.904118  -0.848528  -0.603863  -2.630858
 57:  -7.054598 -135.634140 4890.887587  -0.018672  -0.798683  -3.437276
 58:  -7.053275 -135.633417 4827.555371  -1.028988  -0.886340  -3.764845
 59:  -7.051943 -135.632772 4770.031913   0.140443  -0.864908  -3.630665
 60:  -7.050730 -135.632248 4722.777891   0.752679  -0.741504  -3.082187
