Bootstrap inversion results (2sigma uncertainty)
Station: EC03
Lat:   -6.29161 deg (0.000058) 
Lon:   -131.91049 deg (0.000041) 
X:     -299.418963 m (4.529521) 
Y:    -169.642958 m (6.378676) 
Depth: -4831.000000 m (0.000000) 
TAT:   13.796724 ms (0.069341) 
Water Vel.: 1532.099175 m/s (0.453550)
Drift Lon: -299.418963 m (4.529521) 
Drift Lat: -169.642958 m (6.378676) 
Drift:    344.150187 m (5.055579) 
Drift Azi: 240.466297 deg (0.994409)
dz: 0.000000 m (0.000000)

RMS:  6.132065 ms (1.042277)

Bad pings Removed: 0
===================================================
       Lat        Lon       Range (m)    Residual (s) Doppler Vel. (m/s)  TWT corr. (ms) 
  1:  -6.291803 -131.904297 4879.347800 -10.980054  -0.280432  -1.166271
  2:  -6.291727 -131.904583 4874.967646  -9.357974  -0.275511  -1.145101
  3:  -6.291528 -131.905462 4862.893363 -10.550335  -0.247855  -1.027392
  4:  -6.291453 -131.905705 4859.911949 -10.659029  -0.231146  -0.957526
  5:  -6.291395 -131.905908 4857.542139  -9.656279  -0.215287  -0.891564
  6:  -6.291107 -131.907010 4846.611513 -10.362057  -0.162833  -0.672739
  7:  -6.291060 -131.907202 4845.037060 -10.309919  -0.150570  -0.621879
  8:  -6.290200 -131.908420 4838.932893 -11.244767   0.029419   0.121331
  9:  -6.288767 -131.908090 4848.504703 -10.771236   0.242012   1.000172
 10:  -6.287128 -131.907217 4869.856603  -9.613473   0.453609   1.883233
 11:  -6.285167 -131.906347 4904.764126  -8.165583   0.680026   2.844136
 12:  -6.283137 -131.905523 4951.665510  -6.440690   0.872536   3.685171
 13:  -6.281080 -131.904713 5010.353453  -0.355763   1.067167   4.565134
 14:  -6.278448 -131.903692 5101.334037   4.538563   0.973863   4.244870
 15:  -6.273580 -131.905212 5258.950306   3.726035   0.281945   1.266663
 16:  -6.273465 -131.907800 5239.767527   9.130811  -0.199221  -0.892570
 17:  -6.273525 -131.910430 5228.793075   6.715039  -0.160957  -0.719348
 18:  -6.273922 -131.912477 5216.817716   6.418594  -0.475160  -2.118623
 19:  -6.283453 -131.922892 5102.690882   4.570121  -0.046146  -0.201204
 20:  -6.286257 -131.923725 5082.879724   4.565924  -0.218698  -0.949843
 21:  -6.288412 -131.924007 5069.749294   1.999598  -0.204239  -0.884364
 22:  -6.290513 -131.923982 5058.011511   2.335314  -0.167998  -0.725794
 23:  -6.293153 -131.923657 5048.912386   1.240120  -0.064939  -0.280001
 24:  -6.295177 -131.923190 5046.772041   1.995299  -0.032951  -0.142035
 25:  -6.297157 -131.922403 5045.119282   2.100714  -0.034325  -0.147912
 26:  -6.298990 -131.921278 5042.822054   2.147152  -0.021163  -0.091156
 27:  -6.301560 -131.919178 5047.125876   0.635834   0.116768   0.503244
 28:  -6.303075 -131.917572 5055.661834   0.499205   0.136679   0.590035
 29:  -6.305237 -131.914290 5077.920657   4.967882   0.199938   0.867580
 30:  -6.305837 -131.912313 5084.614739   0.712825   0.087911   0.381685
 31:  -6.306145 -131.909607 5092.181169   3.581206   0.217764   0.947342
 32:  -6.306398 -131.907475 5111.033699   2.075621   0.309720   1.352010
 33:  -6.306340 -131.905357 5129.594594   4.691469   0.260275   1.140770
 34:  -6.305842 -131.903327 5142.150901   1.557578   0.239472   1.051604
 35:  -6.305165 -131.901338 5158.374344   1.360542   0.299105   1.317578
 36:  -6.304345 -131.899448 5178.066039   1.657237   0.319389   1.412362
 37:  -6.303232 -131.897627 5197.485086   0.340899   0.297109   1.318483
 38:  -6.301868 -131.896037 5213.523004   0.390259   0.253848   1.129984
 39:  -6.300270 -131.894625 5228.296413   1.982689   0.266366   1.189373
 40:  -6.298510 -131.893337 5246.052401   3.748006   0.279877   1.254266
 41:  -6.296587 -131.892307 5261.886587   3.143354   0.300519   1.350686
 42:  -6.294602 -131.891417 5282.057314   4.725422   0.256066   1.155565
 43:  -6.292435 -131.890960 5292.922928   4.497744   0.162343   0.734099
 44:  -6.290087 -131.890790 5302.544746   5.873724   0.053219   0.241139
 45:  -6.287958 -131.891167 5298.298681   5.269870  -0.708189  -3.206105
 46:  -6.287698 -131.893177 5214.842447   6.316044  -1.286138  -5.731887
 47:  -6.288135 -131.894955 5141.985459   1.728800  -1.156449  -5.078425
