Bootstrap inversion results (2sigma uncertainty)
Station: EC03
Lat:   -6.29191 deg (0.000890) 
Lon:   -131.90940 deg (0.000846) 
X:     -179.160654 m (93.644829) 
Y:    -202.722999 m (98.471698) 
Depth: -4831.000000 m (0.000000) 
TAT:   13.999996 ms (0.000002) 
Water Vel.: 1500.000000 m/s (0.000000)
Drift Lon: -179.160654 m (93.644829) 
Drift Lat: -202.722999 m (98.471698) 
Drift:    274.324047 m (101.112172) 
Drift Azi: 221.503369 deg (19.308749)
dz: 0.000000 m (0.000000)

RMS:  133.300437 ms (10.661692)

Bad pings Removed: 0
===================================================
       Lat        Lon       Range (m)    Residual (s) Doppler Vel. (m/s)  TWT corr. (ms) 
  1:  -6.291803 -131.904297 4863.896118 -126.851234  -0.226534  -0.962318
  2:  -6.291727 -131.904583 4860.344671 -126.783699  -0.221185  -0.939003
  3:  -6.291528 -131.905462 4850.793717 -131.091027  -0.189609  -0.802803
  4:  -6.291453 -131.905705 4848.529343 -132.065390  -0.173213  -0.732923
  5:  -6.291395 -131.905908 4846.756295 -131.869119  -0.159561  -0.674944
  6:  -6.291107 -131.907010 4839.049852 -136.691911  -0.105693  -0.446024
  7:  -6.291060 -131.907202 4838.035436 -137.170096  -0.088685  -0.374132
  8:  -6.290200 -131.908420 4835.927137 -143.406828   0.062924   0.265076
  9:  -6.288767 -131.908090 4845.680750 -143.266133   0.232683   0.982234
 10:  -6.287128 -131.907217 4865.888529 -140.518005   0.432739   1.835103
 11:  -6.285167 -131.906347 4899.926218 -138.535678   0.663039   2.832505
 12:  -6.283137 -131.905523 4946.159812 -135.801298   0.855034   3.688619
 13:  -6.281080 -131.904713 5004.261866 -129.182671   1.049643   4.586242
 14:  -6.278448 -131.903692 5094.572290 -126.357005   0.984156   4.381464
 15:  -6.273580 -131.905212 5259.628217 -137.480959   0.341241   1.565843
 16:  -6.273465 -131.907800 5247.096731 -139.551493  -0.112630  -0.515397
 17:  -6.273525 -131.910430 5242.775560 -148.408570  -0.074432  -0.339757
 18:  -6.273922 -131.912477 5235.759266 -156.779936  -0.404832  -1.843603
 19:  -6.283453 -131.922892 5142.265003 -184.248956  -0.019570  -0.087151
 20:  -6.286257 -131.923725 5122.769474 -184.138714  -0.219930  -0.975611
 21:  -6.288412 -131.924007 5108.932001 -186.301629  -0.221877  -0.981287
 22:  -6.290513 -131.923982 5095.710435 -184.364336  -0.196668  -0.867830
 23:  -6.293153 -131.923657 5083.928946 -180.694560  -0.105709  -0.465541
 24:  -6.295177 -131.923190 5079.123968 -176.475905  -0.083183  -0.366228
 25:  -6.297157 -131.922403 5073.992182 -172.231701  -0.098401  -0.433094
 26:  -6.298990 -131.921278 5067.432025 -167.898293  -0.096358  -0.423912
 27:  -6.301560 -131.919178 5064.345917 -159.428929   0.029963   0.131897
 28:  -6.303075 -131.917572 5067.543047 -153.386134   0.044901   0.197981
 29:  -6.305237 -131.914290 5079.606446 -135.800577   0.106178   0.470580
 30:  -6.305837 -131.912313 5080.692373 -132.428119  -0.003686  -0.016345
 31:  -6.306145 -131.909607 5080.959350 -119.257924   0.123200   0.547418
 32:  -6.306398 -131.907475 5094.106424 -115.286351   0.216343   0.964601
 33:  -6.306340 -131.905357 5107.254303 -105.651064   0.173935   0.778647
 34:  -6.305842 -131.903327 5114.943074 -103.866435   0.160749   0.721012
 35:  -6.305165 -131.901338 5126.576541 -96.580791   0.226030   1.016986
 36:  -6.304345 -131.899448 5142.084100 -92.379359   0.253294   1.144046
 37:  -6.303232 -131.897627 5157.729775 -89.700416   0.240983   1.092297
 38:  -6.301868 -131.896037 5170.764524 -85.835763   0.207740   0.944525
 39:  -6.300270 -131.894625 5183.164145 -81.093268   0.227830   1.039059
 40:  -6.298510 -131.893337 5199.015417 -76.017629   0.253361   1.159720
 41:  -6.296587 -131.892307 5213.713094 -75.749432   0.285054   1.308587
 42:  -6.294602 -131.891417 5233.193899 -74.789682   0.255000   1.175379
 43:  -6.292435 -131.890960 5244.513209 -76.421747   0.177118   0.818049
 44:  -6.290087 -131.890790 5255.427820 -75.916025   0.082400   0.381347
 45:  -6.287958 -131.891167 5253.580165 -79.436571  -0.649199  -3.001894
 46:  -6.287698 -131.893177 5174.757426 -82.550035  -1.211412  -5.514348
 47:  -6.288135 -131.894955 5105.651947 -91.814587  -1.089234  -4.885579
